X,Y
20.306324214459774,61.27896093823563
20.33440344594276,61.28301032163354
20.362521504898037,61.2870653044483
20.390678445015546,61.29112589442268
20.418874320059494,61.295512288668306
20.447109183868417,61.30006310052984
20.475383090355287,61.30462020517476
20.503696093507656,61.30918361130463
20.532048247387696,61.31375332763301
20.560439606132366,61.318329362885564
20.58887022395346,61.322939080054375
20.617340155137754,61.32733359055473
20.64584945404708,61.33115605903079
20.67439817511843,61.334983813149684
20.702986372864103,61.338816860220334
20.731614101871735,61.34265520756169
20.76028141680449,61.346498862502926
20.788988372401082,61.35034783238327
20.817735023475926,61.35428730189398
20.846521424919253,61.35846391682207
20.87534763169716,61.36264630710054
20.904213698851795,61.3668052315126
20.933119681501378,61.37065618990401
20.962065634840354,61.374512473333596
20.991051614139515,61.378374089164765
21.02007767474604,61.382241507120725
21.049143872083686,61.38628682296526
21.078250261652812,61.390337732602106
21.107396899030526,61.39439424376623
21.136583839870823,61.39845636420337
21.1658111399046,61.4025241016699
21.195078854939876,61.40658869935015
21.224387040861792,61.41043511327452
21.253735753632782,61.41382453712265
21.283125049292686,61.417118277795616
21.312554983958794,61.42041657299582
21.34202561382604,61.42371942902119
21.371536995167023,61.42702685217835
21.401089184332164,61.430356312407234
21.430682237749835,61.43414737410184
21.460316211926386,61.43827348664569
21.48999116344636,61.442556776243286
21.519707148972493,61.446794905622376
21.549464225245888,61.45102310619969
21.57926244908614,61.45525715345913
21.60910187739136,61.45959186670823
21.638982567138388,61.46414888878204
21.668904575382808,61.46867366428124
21.698867959259136,61.473113586191474
21.728872775980868,61.47755964754842
21.75891908284061,61.48201185684157
21.78900693721022,61.48647022257221
21.819136396540856,61.49139110512613
21.849307518363148,61.49653504959333
21.87952036028726,61.50167322774206
21.909774980003007,61.50638318825646
21.940071435280014,61.51024516334715
21.970409783967746,61.51411247870973
22.0007900839957,61.51800558352612
22.031212393373455,61.52267071624465
22.06167677019079,61.52734229982746
22.092183272617852,61.531995533278575
22.12273195890518,61.536332901200346
22.153322887383904,61.54060038544135
22.183956116465776,61.54486145013654
22.214631704643327,61.5497380613179
22.245349710489997,61.555290835323
22.276110192660173,61.56085128760727
22.306913209889405,61.56641942878814
22.337758820994416,61.572427286721634
22.368647084873267,61.5784915591047
22.399578060505494,61.584564217058
22.43055180695214,61.59109229563297
22.461568383355967,61.597638895700214
22.49262784894148,61.604199416995414
22.523730263015086,61.610769010065205
22.55487568496523,61.61711617358215
22.58606417426242,61.62321855387267
22.61729579045947,61.629329372428366
22.64857059319149,61.635448640917545
22.679888642176053,61.64157637102462
22.71124999721335,61.64759715496106
22.742654718186216,61.653419617646335
22.774102865060332,61.65923967980356
22.805594497884265,61.66498259422896
22.83712967678962,61.67046241328651
22.868708461991183,61.67594980974242
22.900330913786956,61.68144479407459
22.93199709255837,61.68694737677539
22.963707058770296,61.69245756835171
22.99546087297128,61.698005057982456
23.027258595793537,61.70290566663916
23.059100287953132,61.70768004334829
23.090986010250127,61.71246102198239
23.1229158235686,61.717282349220895
23.154889788876876,61.72214433588425
23.186907967227544,61.72701304561808
23.218970419757618,61.73208609625809
23.251077207688684,61.73730272574299
23.28322839232694,61.74252656869231
23.315424035063405,61.747196137201506
23.34766419737395,61.75126083950613
23.37994894081945,61.755331162410315
23.41227832704595,61.759407113686116
23.44465241778469,61.76349210110844
23.477071274852303,61.76719852732877
23.50953496015089,61.77121884670273
23.54204353566813,61.776201409912204
23.574597063477466,61.78119086292331
23.60719560573811,61.78593563342281
23.63983922469529,61.789797567267215
23.67252798268027,61.79366484132649
23.70526194211049,61.797789755053365
23.738041165489754,61.80220959839646
23.77086571540823,61.80663555342196
23.803735654542702,61.810891107616115
23.836651045656552,61.81364506273806
23.869611951600017,61.81640282598118
23.9026184353102,61.81916440261128
23.93567055981122,61.82199722105281
23.968768388214404,61.824908844889336
24.001911983718283,61.82781071292079
24.03510140960883,61.83049115882001
24.068336729259496,61.83317531119314
24.10161800613136,61.835863175165414
24.13494530377329,61.8385556262632
24.16831868582198,61.841040170248355
24.201738216002173,61.842892887968105
24.23520395812669,61.845078637620176
24.268715976096587,61.84726740968881
24.302274333901323,61.84951926196794
24.335879095618793,61.85260103262569
24.369530325415536,61.85568706470225
24.4032280875468,61.85884192584116
24.436972446356666,61.86261138561749
24.470763466278243,61.866386057737174
24.504601211833673,61.87023269744648
24.538485747634372,61.874681949370334
24.57241713838107,61.879137353642264
24.606395448863953,61.88359891876962
24.640420743962842,61.88806665327154
24.67449308864722,61.892050703905966
24.70861254797646,61.89622709777192
24.742779187099863,61.901532502582036
24.776993071256808,61.90684524361353
24.81125426577693,61.91216533101081
24.84556283608016,61.917482505805395
24.87991884767692,61.92277611439198
24.914322366168193,61.92864622866194
24.94877345724568,61.93520333924147
24.98327218669194,61.9417695168793
25.017818620380464,61.948958824934515
25.052412824275866,61.956735331673045
25.08705486443395,61.96452259162965
25.121744807001846,61.97232061967371
25.156482718218204,61.98037667146842
25.191268664413208,61.98871806957066
25.226102712008814,61.997047085849246
25.26098492751879,62.005381882877536
25.29591537754888,62.013728205118014
25.330894128796956,62.02047699929935
25.36592124805308,62.02702209066888
25.400996802199717,62.03335710693629
25.436120858211776,62.039246390075895
25.47129348315678,62.04514381681367
25.50651474419503,62.05104939841041
25.54178470857964,62.05696314614255
25.57710344365678,62.062891653886005
25.612471016865683,62.068711096378024
25.647887495738896,62.074299750296895
25.683352947902307,62.080216833531196
25.71886744107531,62.08616243943395
25.754431043070994,62.092116266816994
25.790043821796154,62.098078327048874
25.82570584525154,62.1030947452683
25.8614171815319,62.107748189345514
25.897177898826126,62.11240806812415
25.932988065417454,62.11719817239272
25.96884774968349,62.12210201837958
26.004757020096434,62.1270174364255
26.040715945223138,62.13193965142588
26.076724593725253,62.13686867277946
26.11278303435943,62.141804509897916
26.148891335977336,62.14674717220597
26.185049567525894,62.151320925628504
26.221257798047333,62.154865417795605
26.257516096679343,62.15780292934626
26.293824532655268,62.160744502836735
26.330183175304125,62.163697849303794
26.36659209405085,62.166664899191176
26.40305135841635,62.16963605186345
26.43956103801765,62.17279517910962
26.476121202568088,62.17647763446687
26.512731921877347,62.17982453235082
26.549393265851695,62.18253628458189
26.58610530449401,62.18525178657673
26.62286810790402,62.18797104352043
26.65968174627835,62.19069406060527
26.69654628991069,62.193294952840134
26.73346180919197,62.19527483117963
26.770428374610404,62.19725693935476
26.80744605675173,62.199241788354556
26.844514926299247,62.20122938196898
26.881635054033993,62.20321972399324
26.918806510834926,62.20516608346834
26.956029367678962,62.20706943377163
26.993303695641202,62.2094379673229
27.03062956589501,62.21186499996949
27.068007049712147,62.21429538867456
27.10543621846298,62.21668044444899
27.142917143616508,62.21902825293686
27.180449896740612,62.221379307933404
27.21803454950209,62.22345197920961
27.255671173666844,62.22510297676435
27.293359841100056,62.226700785085534
27.33110062376622,62.228300802828244
27.3688935937294,62.229903033047606
27.40673882315327,62.231507478803024
27.444636384301287,62.23311414315809
27.482586349536877,62.234711378095845
27.520588791323473,62.236523111975
27.558643782224756,62.23861183387142
27.59675139490472,62.240703444016084
27.634911702127834,62.24338520270014
27.67312477675921,62.246125390632436
27.711390691764684,62.248869367648894
27.749709520211027,62.251617138988976
27.78808133526601,62.25477231113304
27.826506210198584,62.258385384968975
27.864984218379046,62.26200345490051
27.9035154332791,62.2655720490955
27.9420999284721,62.269114388630626
27.98073777763309,62.27266162645117
28.019429054539,62.27569084847063
28.058173833068807,62.278022660061524
28.096972187203598,62.279674365272314
28.135824191026817,62.28132835443229
28.1747299187243,62.28298463069969
28.213689444584478,62.28464319723705
28.252702842998534,62.28630405721134
28.291770188460475,62.28797156199804
28.330891555567366,62.28967043945112
28.370067019019384,62.2918667006736
28.409296653619993,62.29435651927349
28.448580534276147,62.29778647986946
28.487918735998317,62.30122118335521
28.527311333900755,62.30425433240252
28.566758403201543,62.30711169716384
28.60626001922276,62.30997301303938
28.645816257390692,62.31261970572722
28.685427193235864,62.31515356438709
28.725092902393303,62.31777697156561
28.76481346060256,62.320435319564254
28.804588943707977,62.32324074797108
28.844419427658732,62.32715115551082
28.884304988509015,62.331066970294
28.92424570241824,62.334879960054735
28.964241645651065,62.338628058448265
29.004292894577667,62.34238371254445
29.04439952567378,62.346164352655386
29.084561615520887,62.34995022056964
29.12477924080641,62.353774825878645
29.16505247832377,62.3576857157114
29.205381404972606,62.36176534034591
29.24576609775886,62.36529539158609
29.286206633795004,62.36883032411962
29.32670309030009,62.37237014469632
29.36725554459996,62.375914860075255
29.40786407412742,62.379464477024875
29.448528756422284,62.38301900232301
29.489249669131652,62.38637909643932
29.53002689000995,62.389732655118664
29.570860496919114,62.393395803122125
29.611750567828796,62.397077514892025
29.652697180816403,62.400764317668845
29.693700414067372,62.404456218492335
29.73476034587519,62.40815322441199
29.775877054641633,62.411855342487044
29.81705061887691,62.415562579786496
29.858281117199745,62.41927494338913
29.899568628337637,62.4229924403835
29.940913231126892,62.42671507786797
29.982315004512845,62.43043528523629
30.023774027550022,62.434930618764135
30.065290379402224,62.440014425191904
30.106864139342758,62.44555299707439
30.14849538675452,62.45134472694436
30.190184201130165,62.45714446551753
30.231930662072322,62.462952223868186
30.27373484929363,62.46876801308595
30.31559684261701,62.47459184427577
30.357516721975713,62.48042372855794
30.399494567413534,62.485938767611216
30.441530459084984,62.49064701641643
30.483624477255358,62.49535097198243
30.525776702300988,62.49957811892812
30.56798721470932,62.50350364547651
30.610256095079087,62.50743460017464
30.652583424120518,62.51137099052848
30.69496928265539,62.51561462410788
30.737413751617293,62.51953922122357
30.779916912051696,62.52335094102281
30.822478845116127,62.527167931601824
30.865099632080387,62.530940602962026
30.90777935432659,62.53442472820316
30.95051809334945,62.53682152662135
30.993315930756324,62.539154785847984
31.036172948267414,62.54069416457889
31.07908922771596,62.5422356719359
31.122064851048318,62.54323626562284
31.1650999003242,62.54372288944451
31.20819445771675,62.54421018616113
31.251348605512746,62.54469815670316
31.294562426112783,62.54518411185632
31.337836002031352,62.54559892548956
31.38116941589709,62.546014312719876
31.424562750452864,62.547197860292044
31.46801608855593,62.548972313912785
31.511529513178196,62.550714284630374
31.555103107406207,62.55236161285059
31.598736954441488,62.55401121896758
31.642431137600553,62.55629652678745
31.68618574031513,62.55880528023612
31.730000846132352,62.561317502745375
31.77387653871483,62.56381768869933
31.81781290184092,62.56619919760835
31.86181001940476,62.56842050222419
31.90586797541656,62.5706448784214
31.94998685400265,62.57248196220501
31.99416673940569,62.573849605925965
32.038407715984874,62.57618400983987
32.082709868215986,62.57866838607653
32.12707328069168,62.58115619766538
32.17149803812155,62.58364744935676
32.215984225332306,62.58614349516477
32.26053192726801,62.58896277527035
32.305141228990124,62.592150332361655
32.349812215677794,62.59534229715139
32.39454497262788,62.59853867573446
32.439339585255254,62.60173947421417
32.48419613909286,62.604944698702255
32.529114719791906,62.60875240805687
32.57409541312209,62.61282841088375
32.619138304971635,62.61628971939601
32.66424348134762,62.6197558141454
32.709411028375975,62.62320837131819
32.754641032301734,62.62665766367913
32.79993357948924,62.630111725661486
32.84528875642221,62.63385361858821
32.89070664970397,62.637614484958675
32.93618734605761,62.64222852659092
32.98173093232608,62.64684894843957
33.02733749547251,62.6511834668255
33.07300712258019,62.65532837593351
33.118739900852894,62.659479016549646
33.16453591761494,62.66362955305739
33.21039526031141,62.66770127510689
33.25631801650832,62.67086882923161
33.302304273892716,62.673858603907206
33.34835412027298,62.67685251279118
33.39446764357884,62.67985056160018
33.44064493186164,62.68285275605889
33.4868860732945,62.685859101899815
33.53319115617241,62.68798048017186
33.57956026891252,62.69029639751062
33.62599350005421,62.69292493061992
33.672490938259244,62.695499911508996
33.71905267231208,62.69806274962866
33.76567879111986,62.70062913159626
33.812369383712735,62.70319906231214
33.85912453924392,62.70577254668346
33.905944346989905,62.70817373285587
33.952828896350674,62.71023723028636
33.99977827684977,62.71230358108515
34.0467925781346,62.71386517161209
34.093871889976484,62.71542651284505
34.14101630227086,62.716981766999574
34.18822590503754,62.718523123107104
34.235500788420744,62.72006661057503
34.2828410426894,62.721612232350545
34.33024675823721,62.723159991384925
34.37771802558288,62.72470989063355
34.425254935370326,62.72626193305587
34.47285757836874,62.72781612161541
34.52052604547289,62.729599816022514
34.568260427703194,62.73168703564833
34.61606081620592,62.73343845897298
34.66392730225343,62.73516867710286
34.71185997724422,62.73690004127303
34.75985893270324,62.73863379954342
34.80792426028195,62.74036995522457
34.85605605175855,62.74210851163155
34.90425439903819,62.743849472084044
34.95251939415304,62.74617354337337
35.00085112926261,62.74879663543265
35.04924969665377,62.752219219637645
35.09771518874103,62.75564653653248
35.14624769806672,62.75907339508362
35.19484731730108,62.76249830863914
35.24351413924256,62.76592795810548
35.29224825681786,62.768965059731045
35.34104976308224,62.77153274520529
35.38991875121958,62.77410398123027
35.43885531454264,62.776678772715655
35.48785954649323,62.77925712457787
35.53693154064233,62.782076234559895
35.58607139069034,62.78497732263918
35.6352791904672,62.78788242229253
35.68455503393265,62.79080341652158
35.73389901517628,62.79372862641766
35.78331122841783,62.79665788124306
35.83279176800731,62.799591186591
35.88234072842521,62.80252854806249
35.93195820428269,62.805469971266284
35.98164429032168,62.8085771880733
36.03139908141513,62.81212455864159
36.08122267256722,62.81562225639581
36.13111515891345,62.81912479070556
36.18107663572093,62.82265147194391
36.23110719838844,62.8260697542879
36.281206942446694,62.829413806993266
36.33137596355854,62.83274802171703
36.38161435751906,62.83557329784445
36.43192222025585,62.83840248071451
36.4822996478291,62.84123557572936
36.53274673643185,62.84394025055004
36.58326358239018,62.84657703488719
36.633850282163316,62.84921746532379
36.68450693234394,62.851864663745616
36.73523362965823,62.854428449871655
36.786030470966125,62.856943367334864
36.83689755326156,62.85961550218741
36.88783497367251,62.86234961887922
36.93884282946133,62.86508751625998
36.98992121802482,62.86782919955756
37.04107023689445,62.870505593868586
37.09228998373661,62.873168713098146
37.14358055635268,62.8758355148426
37.194942052679345,62.87850600419406
37.24637457078865,62.881246920268
37.29787820888827,62.884030965086005
37.349453065321725,62.88661280519386
37.401099238568435,62.88918936240406
37.452816827244106,62.89176948243269
37.504605930100716,62.89432920426643
37.55646664602681,62.89664661893808
37.60839907404774,62.89896723809038
37.6604033133257,62.901291066154414
37.71247946316008,62.90361810756744
37.76462762298753,62.90596103303436
37.8168478923822,62.90845332018712
37.86914037105597,62.9115468841199
37.921505158858544,62.91473433060759
37.97394235577776,62.9180549442287
38.026452061939665,62.92138014953649
38.079034377608764,62.92470995288026
38.131689403188254,62.928044360618124
38.18441723922009,62.93138337911692
38.23721798638533,62.933691724785135
38.29009174550422,62.935756110428294
38.343038617536386,62.937803147912405
38.39605870358113,62.93984580843333
38.44915210487748,62.941686493072666
38.50231892280452,62.943513278202104
38.55555925888147,62.94534258937819
38.60887321476794,62.94717443009392
38.66226089226414,62.94900880384709
38.71572239331101,62.950784647932764
38.7692578199905,62.95241615197941
38.82286727452566,62.954049912041434
38.87655085928091,62.955650533108
38.93030867676226,62.95716644664837
38.984140829617395,62.95901273357542
39.03804742063602,62.96120970589729
39.0920285527499,62.963475887404925
39.14608432903316,62.96574520254888
39.20021485270247,62.96801765566231
39.2544202271172,62.970293251084314
39.308700555779694,62.97257199316003
39.36305594233534,62.97477629412699
39.41748649057289,62.97687816283994
39.47199230442462,62.97882480428746
39.52657348796652,62.98105165334911
39.58123014541848,62.98360981899717
39.6359623811445,62.986171522032116
39.69077029965289,62.98873676734541
39.745654005596485,62.99127022230028
39.800613603772874,62.993499069383034
39.85564919912448,62.99573099847673
39.91076089673885,62.9979660138431
39.965948801848924,63.000204119749796
40.02121301983304,63.0028200682537
40.07655365621537,63.00604201203228
40.13197081666591,63.00860235237806
40.1874646070008,63.01141872666519
40.24303513318254,63.01436462485358
40.29868250132009,63.01731459657868
40.3544068176692,63.0202686474733
40.4102081886325,63.02322678317806
40.466086720759755,63.02618900934135
40.522042520748116,63.02915533161941
40.578075695442195,63.03153082293494
40.63418635183442,63.03376946513376
40.69037459706512,63.03611880105838
40.746640538422774,63.03944306348761
40.802984283344266,63.04297272916518
40.85940593941498,63.04650727560296
40.915905614369116,63.05004670955002
40.97248341608983,63.05359103776468
41.029139452609414,63.05714026701469
41.08587383210964,63.06069440407707
41.142686662921776,63.06425345573831
41.19957805352696,63.06782511515924
41.2565481125563,63.07058856706888
41.313596948791094,63.073349688582866
41.370724671163124,63.07636736801981
41.427931388754736,63.079833773772236
41.485217210799185,63.08330497281017
41.54258224668071,63.08678097176168
41.600026605934794,63.090261777264004
41.65755039824847,63.09374739596356
41.71515373346033,63.09723783451594
41.77283672156098,63.10057931665669
41.830599472693,63.10307189552728
41.88844209715131,63.10522128708605
41.946364705383395,63.1083395821482
42.004367407989385,63.11170331173685
42.06245031572242,63.1150716926322
42.12061353948874,63.118444731266
42.178857190347934,63.12182243407887
42.237181379513224,63.125204807520376
42.29558621835154,63.128591858048964
42.35407181838388,63.13198359213203
42.412638291285404,63.13542905532189
42.47128574888568,63.138915674264034
42.53001430316898,63.14182261646045
42.588824066274356,63.14417362430832
42.64771515049598,63.14652788308891
42.70668766828326,63.148885397297526
42.765741732241096,63.151246171435744
42.82487745513014,63.153610210011315
42.88409494986691,63.155977517538275
42.94339432952414,63.158348098536834
43.00277570733084,63.16073144743088
43.0622391966726,63.1631811614443
43.12178491109187,63.165543948312276
43.181412964288015,63.16775326216835
43.2411234701177,63.169965631025136
43.30091654259497,63.17218105910705
43.36079229589152,63.174399550644324
43.42075084433701,63.17662110987308
43.480792302419054,63.17884574103523
43.540916784783725,63.18107344837862
43.60112440623553,63.18330423615693
43.66141528173771,63.185570849529626
43.72178952641256,63.18745339899772
43.78224725554153,63.18862541611504
43.84278858456544,63.18979905387724
43.90341362908479,63.19097431452528
43.96412250485987,63.192151200303286
44.024915327811115,63.19332971345844
44.08579221401923,63.19450985624107
44.14675327972541,63.195691630904584
44.207798641331564,63.19687503970552
44.268928415400644,63.19805727486394
44.330142718656695,63.19923160881617
44.39144166798525,63.20040756661693
44.45282538043339,63.201268271433534
44.514293973210066,63.202078736408914
44.57584756368636,63.20289032208115
44.63748626939557,63.20370302999992
44.6992102080336,63.20451686171704
44.76101949745904,63.205331818786476
44.82291425569345,63.20614790276438
44.88489460092165,63.20696511520897
44.94696065149179,63.207764421657586
45.009112525915796,63.20839270311597
45.071350342869366,63.20804832571531
45.133674221192294,63.207703472115575
45.19608427988881,63.2073581416583
45.258580638127576,63.20701233368408
45.32116341524214,63.2066660475326
45.38383273073101,63.206319282542665
45.4465887042579,63.20597203805216
45.50943145565209,63.205667615918294
45.57236110490847,63.205604493901355
45.63537777218792,63.20553323561863
45.69848157781743,63.2054618788012
45.76167264229037,63.20667527002719
45.82495108626679,63.20792201664756
45.88831703057352,63.20917048724745
45.951770596204504,63.21042068421074
46.01531190432099,63.21167260992461
46.07894107625172,63.212926266779576
46.14265823349331,63.214215322684005
46.206463497710246,63.2157309192246
46.27035699073538,63.218016610864524
46.33433883456994,63.220200477777055
46.39840915138387,63.2222990192673
46.46256806351611,63.22440046258417
46.52681569347468,63.22650481174027
46.59115216393708,63.22861207075373
46.65557759775041,63.23117853521163
46.72009211793159,63.23382128963037
46.78469584766777,63.2364676984039
46.84938891031631,63.2400737921208
46.91417142940525,63.2439714041099
46.97904352863339,63.24786126658262
47.044005331870544,63.251756507889425
47.109056963157904,63.25512390760767
47.1741985467081,63.25832186821543
47.23943020690559,63.261524250907435
47.30475206830677,63.26473106179844
47.370164255640276,63.26794230701172
47.43566689380727,63.27115799267895
47.501260107881556,63.274357971118675
47.56694402310996,63.27682065068498
47.63271876491243,63.27946567144909
47.698584458882365,63.28211359966146
47.76454123078687,63.28476518938284
47.830589206566884,63.287420445676325
47.89672851233758,63.29007937361196
47.96295927438847,63.29274197826684
48.029281619183664,63.295358052175104
48.09569567336224,63.29785507226171
48.16220156373829,63.300355545184225
48.22879941730136,63.30170172138103
48.29548936121651,63.301497269562574
48.36227152282466,63.3012654418798
48.42914602964285,63.30103329362973
48.49611300936445,63.30076898577866
48.56317258985936,63.30018692641519
48.63032489917432,63.299604062190156
48.69757006553309,63.299020391990624
48.76490821733682,63.29796408154354
48.83233948316416,63.29688861470428
48.89986399177156,63.295811660728205
48.967481872093494,63.294731484677364
49.03519325324273,63.29429538320288
49.10299826451061,63.293884409408435
49.17089703536725,63.29347286732658
49.238889695461744,63.29306075617151
49.30697637462249,63.29264807515631
49.375157202857444,63.29223482349298
49.443432310354275,63.29389759656928
49.511801827480745,63.296223661667284
49.58026588478482,63.29838365137945
49.648824612994986,63.30054662788778
49.71747814302058,63.30270693648126
49.78622660595184,63.304866951111194
49.855070133060394,63.30604655733854
49.92400885579931,63.306981501139504
49.99304290580341,63.3082481668225
50.06217241488962,63.31234983714308
50.131397515057074,63.3167342730949
50.20071833848748,63.321124771768396
50.27013501754529,63.325521341547
50.33964768477796,63.32992399082573
50.40925647291632,63.334337399707564
50.478961514874634,63.338636590739114
50.54876294375106,63.343322544905654
50.61866089282773,63.34834415961513
50.68865549557105,63.353372718125975
50.7587468856321,63.35840823003996
50.828935196846636,63.362603480980084
50.899220563235595,63.36559504068188
50.96960311900516,63.368566729262845
51.04008299854708,63.371390368339235
51.110660336439025,63.374217911894576
51.18133526744466,63.37705130680769
51.252107926514086,63.37988935211987
51.32297844878395,63.38278261301202
51.39394696957775,63.38578692442683
51.46501362440619,63.38879539015115
51.53617854896726,63.3908429222122
51.60744187914667,63.39195870355221
51.67880375101799,63.39307602777522
51.75026430084291,63.394194897014714
51.82182366507165,63.39531531340711
51.89348198034299,63.39644116002661
51.965239383484764,63.39757897167862
52.03709601151393,63.39862198573044
52.1090520016369,63.39934287350579
52.181107491249904,63.40006475811221
52.25326261793904,63.401856759913755
52.3255175194808,63.40403101296218
52.397872333842066,63.40620827252985
52.470327199180524,63.408388542774134
52.54288225384497,63.410176608460965
52.615537636375414,63.41148965074431
52.688293485503536,63.412787022896566
52.76114994015276,63.41408256981035
52.834107139438636,63.41537990818384
52.907165222669136,63.41667904049424
52.980324329344775,63.41797996922217
53.05358459915906,63.41978784117391
53.1269461719986,63.4217839528967
53.200409187943414,63.423782824808015
53.27397378726733,63.425784460724586
53.34764011043801,63.42778886446847
53.42140829811748,63.42979254706292
53.495278491162175,63.431793084226314
53.56925083062331,63.433796387697654
53.64332545774724,63.43580246130216
53.71750251397548,63.437811308870295
53.7917821409453,63.43982293423788
53.86616448048969,63.43978931788298
53.940649674637775,63.43950096651006
54.01523786561515,63.43921221640989
54.08992919584406,63.43892306703111
54.16472380794364,63.4389331650806
54.23962184473026,63.43897078084822
54.31462344921774,63.43900699272646
54.38972876461774,63.43904325467785
54.46493793433992,63.43907956677165
54.540251101992204,63.43772187008966
54.61566841138108,63.43514627523399
54.691190006512,63.4325671188906
54.7668160315894,63.42998439613474
54.842546631017264,63.427398102034815
54.91838194939914,63.42480823165247
54.99432213153855,63.42220507147779
55.07036732243933,63.41958770752266
55.146517667305716,63.41769356287388
55.222773311542824,63.4161041661134
55.29913440075676,63.414455515026816
55.375601080755,63.41280458421422
55.45217349754667,63.41115137052324
55.52885179734272,63.40949587079717
55.60563612655638,63.4078380818749
55.68252663180325,63.40617800059098
55.75952345990168,63.40447061564191
55.83662675787311,63.40259848489696
55.91383667294217,63.40093996341695
55.99115335253718,63.40027072471143
56.06857694429024,63.40244079123148
56.146107596037595,63.404980764063964
56.223745455819994,63.40752424912664
56.30149067188278,63.41002176991401
56.37934339267642,63.41223704306296
56.45730376685654,63.41445537945307
56.535371943284346,63.41667678332007
56.61354807102696,63.41889668977508
56.69183229935753,63.42111621200354
56.770224777755715,63.42333880334868
56.848725655907806,63.425564468054404
56.927335083707064,63.4282362043423
57.0060532112541,63.43113696655946
57.08488018885698,63.435857573072084
57.16381616703172,63.440584707157186
57.24286129650238,63.44531837784098
57.322015728201464,63.45005859416215
57.40127961327022,63.454802895875105
57.48065310305882,63.45953716409267
57.560136349126815,63.464069172006084
57.63972950324325,63.46854017708482
57.71943271738703,63.4730173645915
57.7992461437473,63.4775007430751
57.879169934723535,63.48199032109639
57.95920424292606,63.48648610722797
58.03934922117616,63.48966952257137
58.11960502250639,63.491488388818226
58.19997180016106,63.49330977016164
58.280449707596226,63.495152859454606
58.36103889848028,63.497007682981746
58.441739526694,63.49835782013408
58.522551746330954,63.49923568389616
58.60347571169789,63.500114761552965
58.68451157731479,63.50099505478305
58.76565949791543,63.50187656526727
58.84691962844745,63.50275929468884
58.92829212407278,63.50364324473329
59.00977714016797,63.50419799252576
59.09137483232429,63.502327690938145
59.17308535634831,63.500458066219295
59.254908868261936,63.49849052831966
59.336845524302824,63.49647347831796
59.41889548092477,63.49445363917465
59.501058894797765,63.49243100703294
59.5833359228086,63.49040557803073
59.665726722060896,63.48837734830059
59.7482314498755,63.486346313969676
59.83085026379088,63.484312471159875
59.913583321563344,63.48227581598765
59.99643078116728,63.48024907506418
60.07939280079553,63.48424465208594
60.16246953885969,63.48764920020199
60.24566115399044,63.49077184920011
60.32896780503781,63.49389881614286
60.41238965107144,63.49703010700106
60.49592685138096,63.500165727753725
60.579579565476195,63.50330568438816
60.66334795308765,63.506449982899944
60.747232174166676,63.509598629292945
60.831232388885745,63.513457520805545
60.915348757638796,63.51851645897342
60.999581441041684,63.5235823925529
61.083930599932216,63.52865533121711
61.16839639537072,63.53373528465255
61.252978988640166,63.53882226255915
61.33767854124652,63.543916274650186
61.42249521491918,63.54901733065244
61.50742917161105,63.55368917609285
61.592480573499124,63.553901998086126
61.67764958298453,63.554371906784965
61.762936362692976,63.55481513696795
61.84834107547513,63.555255200162605
61.933863884406755,63.55569587186897
62.019504952789184,63.55613715292849
62.10526444414952,63.55657904418378
62.19114252224094,63.55702080992901
62.27713935104318,63.55635607498793
62.36325509476261,63.55556367456311
62.44948991783274,63.55477017842079
62.535843984914415,63.55397558504581
62.622317460896134,63.55317670417696
62.70891051089451,63.55237230874398
62.79562330025435,63.55156680100701
62.88245599454922,63.55042769557897
62.96940875958154,63.54926934262963
63.05648176138301,63.549418888230704
63.143675166215,63.550278863368185
63.23098914056865,63.55114002766433
63.318423851165484,63.55200238276345
63.40597946495742,63.55286593031218
63.49365614912727,63.55373067195942
63.581454071089105,63.55460158919733
63.669373398488375,63.55547384750135
63.75741429920246,63.55714473277122
63.84557694134079,63.55924388617107
63.93386149324526,63.56134594224367
64.02226812349063,63.562848143085624
64.11079700088466,63.56255968369897
64.19944829446861,63.562270825435704
64.28822217351744,63.56198156774426
64.37711880754016,63.56169191007233
64.46613836628025,63.56139196645958
64.55528101971589,63.56108240784646
64.64454693806026,63.56015371370802
64.73393629176194,63.558601779597055
64.82344925150511,63.557047699498625
64.91308598821014,63.555491470445304
65.00284667303366,63.55402205653787
65.09273147736894,63.55527069044594
65.1827405728463,63.55652105094322
65.27287413133331,63.557773140417225
65.36313232493528,63.55902649021711
65.45351532599554,63.56027510224013
65.54402330709561,63.56207573216081
65.63465644105572,63.5644607138637
65.72541490093504,63.56684899347776
65.81629886003209,63.56924057556329
65.90730849188505,63.571635464686864
65.99844397027196,63.57403366542142
66.08970546921124,63.576156909903524
66.18109316296187,63.57833614046611
66.27260722602388,63.580518384430746
66.36424783313858,63.5827295222347
66.45601515928885,63.584959284741714
66.54790937969956,63.58725867133062
66.63993066983785,63.58962241200208
66.73207920541358,63.591754272707604
66.82435516237953,63.593775024837576
66.91675871693177,63.59579857122841
67.00929004551,63.597628840043406
67.1019493247979,63.59770231980421
67.19473673172351,63.59777590117154
67.28765244345952,63.597850338904266
67.38069663742357,63.59792578564003
67.47386949127863,63.59789637799214
67.56717118293335,63.59784008238137
67.66060189054241,63.59778370892601
67.75416179250686,63.59772725751839
67.84785106747437,63.59767072805078
67.94166989433968,63.5976141204152
68.03561845224486,63.597163199872575
68.12969692057978,63.596016596703535
68.22390547898232,63.5948684080316
68.31824430733876,63.59372232091049
68.41271358578412,63.59241714178249
68.50731349470246,63.59008679858788
68.60204421472737,63.587753233035315
68.69690592674219,63.58541644066892
68.79189881188036,63.58307641702676
68.88702305152576,63.58073315764064
68.98227882731308,63.57838665803625
69.07766632112826,63.57988307616313
69.17318571510872,63.58226035828339
69.26883719164367,63.584645400950954
69.36462093337458,63.587045845518276
69.46053712319541,63.590853017155595
69.55658594425313,63.59514677816946
69.6527675799479,63.59944647652125
69.7490822139335,63.603752120421056
69.84553003011759,63.608063718090264
69.94211121266225,63.61238127776163
70.03882594598413,63.615898620883684
70.13567441475494,63.61786532836973
70.23265680390175,63.619667520593815
70.32977329860724,63.62147612897739
70.42702408431033,63.62295029152618
70.52440934670621,63.6235474449006
70.62192927174698,63.62414542400832
70.71958404564174,63.624744229991144
70.81737385485712,63.625259267823054
70.9152988861177,63.625684864860546
71.01335932640606,63.62592938527601
71.11155536296354,63.62502085361501
71.20988718329025,63.62411106565225
71.3083549751456,63.6231973740189
71.40695892654868,63.622277892611834
71.50569922577859,63.62151887031575
71.60457606137467,63.622180962581574
71.70358962213705,63.62284397037705
71.80274009712686,63.623507894968164
71.90202767566674,63.62417273762263
72.00145254734116,63.62488538475146
72.1010149019966,63.628765728581136
72.20071492974216,63.63261370945682
72.30055282094973,63.63615325017935
72.40052876625457,63.6396909144255
72.5006429565555,63.64321677082939
72.60089558301524,63.64425728320525
72.70128683706095,63.64529923438349
72.80181691038436,63.64634262635368
72.9024859949424,63.64738746110812
73.00329428295741,63.64773161694302
73.1042419669175,63.63670881088469
73.20532923957693,63.62567076268209
73.30655629395648,63.61461745125869
73.40792332334392,63.60355694837638
73.50943052129432,63.59260807032037
73.61107808163025,63.58279660232998
73.7128661984424,63.573221108988
73.81479506608977,63.56373155944763
73.91686487920019,63.554228887923436
74.01907583267065,63.54726068710641
74.12142812166753,63.5514010444669
74.22392194162715,63.55554712704146
74.326557488256,63.5596989427468
74.4293349575313,63.56385715166788
74.53225454570125,63.56804920303118
74.63531644928536,63.57264837437744
74.73852086507488,63.57802480459969
74.84186799013317,63.58340866925604
74.94535802179618,63.58879997862665
75.0489911576727,63.59156246327626
75.1527675956447,63.59138434402418
75.25668753386785,63.59120597847189
75.36075117077172,63.59102736627884
75.46495870506041,63.59084850710393
75.56931033571276,63.5906853362801
75.67380626198263,63.59053405838751
75.77844668339954,63.589491131726405
75.8832317997688,63.58814869521694
75.9881618111721,63.586804402409655
76.09323691796783,63.585458250737695
76.19845732079132,63.58411023763063
76.30382322055539,63.588802341304444
76.40933481845063,63.59359065590481
76.51499231594593,63.598385591703234
76.62079591478876,63.60319199445969
76.72674581700545,63.60804024711473
76.83284222490178,63.61326841095027
76.9390853410632,63.61933738917248
77.04547536835541,63.62541475947207
77.15201250992457,63.63150053345347
77.25869696919773,63.63759472273715
77.36552894988317,63.64369733895964
77.47250865597105,63.649808393773576
77.57963629173338,63.65190908563152
77.68691206172481,63.65262342435597
77.79433617078276,63.653348871368706
77.90190882402784,63.65407864081942
78.00963022686446,63.654709220576436
78.11750058498089,63.65534067228816
78.22552010434997,63.655972997160305
78.33368899122922,63.65660619640029
78.44200745216143,63.65724027121716
78.55047569397506,63.65787522282163
78.65909392378441,63.65851105242612
78.76786234899038,63.65914776124472
78.87678117728048,63.65731402960356
78.98585061662943,63.654646551993196
79.0950708752997,63.652439436907265
79.2044421618415,63.64914133067518
79.31396468509364,63.64578724783123
79.42363865418356,63.64242852701995
79.5334642785279,63.63906516182801
79.64344176783294,63.63569714583326
79.75357133209494,63.63223857809773
79.86385318160045,63.62816325480604
79.97428752692687,63.62408229622828
80.08487457894272,63.625472085804034
80.1956145488082,63.628525145885774
80.30650764797547,63.63158242768584
80.41755408818902,63.634643937041936
80.52875408148621,63.63770967979985
80.6401078401975,63.640779661813454
80.75161557694709,63.64385388894473
80.86327750465314,63.646932367063734
80.9750938365282,63.65001510204868
81.08706478607967,63.65310209978587
81.19919056711012,63.65618714033556
81.31147139371788,63.65927027691657
81.4239074802973,63.66260676710117
81.53649904153914,63.66687131907314
81.64924629243106,63.67114176799329
81.76214944825794,63.67541812201584
81.87520872460244,63.679700389306255
81.98842433734536,63.6839885780413
82.1017965026659,63.68828269640906
82.21532543704224,63.692582752608914
82.32901135725184,63.696888754851585
82.44285448037205,63.7012048022077
82.55685502378032,63.70410896394295
82.67101320515467,63.7055894475613
82.78532924247412,63.70707197836661
82.89980335401908,63.7085565591897
83.0144357583719,63.71004319286529
83.12922667441714,63.71153188223205
83.24417632134195,63.71302263013254
83.35928491863666,63.71451543941325
83.47455268609502,63.71601031292464
83.58997984381479,63.717514010920596
83.7055666121981,63.71902930050405
83.82131321195176,63.71990584392025
83.9372198640878,63.71793977789606
84.0532867899238,63.71597099323003
84.16951421108352,63.713999486162834
84.28590234949712,63.71202525293001
84.40245142740159,63.71004828976186
84.51916166734125,63.70806859288345
84.63603329216811,63.70608615851468
84.75306652504241,63.70455568812774
84.87026158943303,63.703123504131696
84.98761870911768,63.701690685600255
85.10513810818364,63.70319596808102
85.22282001102793,63.7050500412471
85.34066464235802,63.70690667819327
85.45867222719205,63.70876588246468
85.57684299085926,63.710288644416416
85.69517715900044,63.711630931486866
85.81367495756854,63.71297507464848
85.93233661282879,63.71432107646787
86.05116235135944,63.71567701362926
86.17015240005195,63.71704244849472
86.2893069861115,63.71615077767893
86.40862633705758,63.71450186156939
86.52811068072413,63.712850665367355
86.64776024526027,63.71119718591998
86.76757525913054,63.709541420070025
86.88755595111532,63.70788336465587
87.00770255031152,63.70622301651158
87.12801528613267,63.70456037246677
87.24849438830965,63.70297605639574
87.36914008689097,63.70163531702414
87.48995261224314,63.7002927237015
87.61093219505143,63.70140911387943
87.73207906631988,63.702750240004754
87.85339345737218,63.70409322061592
87.97487559985167,63.70543805827731
88.0965257257221,63.70676600347137
88.21834406726802,63.70776451023479
88.34033085709517,63.70876439771598
88.46248632813084,63.70976566782416
88.58481071362449,63.710900270627825
88.70730424714804,63.71215014672019
88.82996716259649,63.714510871966695
88.95279969418826,63.71687486158298
89.07580207646554,63.719242120082924
89.19897454429491,63.7216126519867
89.32231733286767,63.7239864618207
89.44583067770041,63.72636355411761
89.56951481463541,63.72874393341635
89.69336997984097,63.731127604262106
89.81739640981199,63.733486268342496
89.94159434137038,63.73570419398746
90.06596401166559,63.73583093283671
90.19050565817498,63.7341009949872
90.31521951870424,63.732368665009744
90.44010583138791,63.73063393959656
90.56516483468978,63.72889681543529
90.69039676740347,63.727157289208975
90.81580186865283,63.725415357596106
90.94138037789222,63.72367101727053
91.06713253490719,63.721924264901524
91.19305857981482,63.72008769669293
91.31915875306431,63.7201138582586
91.44543329543735,63.72119702781659
91.57188244804848,63.72228169516256
91.69850645234568,63.72336786236765
91.82530555011078,63.72445553150584
91.95227998346003,63.72554470465397
92.07942999484447,63.72663538389176
92.20675582705029,63.72772757130181
92.33425772319947,63.7288212689696
92.4619359267501,63.729909873652964
92.58979068149706,63.73213811000203
92.7178222315723,63.73487256614124
92.84603082144527,63.737686601319275
92.97441669592354,63.74050452769617
93.10298010015309,63.74332635065258
93.23172127961905,63.746152075576624
93.36064048014596,63.748981707863884
93.48973794789818,63.75181525291739
93.61901392938054,63.75465271614765
93.74846867143867,63.75749410297266
93.87810242125963,63.75815658713313
94.00791542637228,63.75730609820878
94.13790793464766,63.755280720391326
94.26808019429961,63.75325254191669
94.39843245388519,63.751221558912185
94.5289649623052,63.74918776749976
94.65967796880463,63.74715116379598
94.79057172297306,63.745111743912084
94.92164647474517,63.743069503953876
95.0529024744013,63.74337041713544
95.18433997256787,63.747155037213744
95.31595922021795,63.75095178225743
95.44776046867148,63.755256210746715
95.57974396959597,63.760415549812585
95.71190997500705,63.76558202312264
95.84425873726866,63.77075564054202
95.97679050909387,63.77593641194949
96.10950554354508,63.781124347237416
96.24240409403461,63.78428088376299
96.37548641432535,63.783223842434026
96.50875275853086,63.78254576110525
96.64220338111632,63.781866600533114
96.77583853689859,63.78118648777871
96.90965848104695,63.779526340995446
97.0436634690836,63.777647872937
97.17785375688392,63.77576680736562
97.3122296006773,63.77381944485268
97.44679125704728,63.771232331514845
97.58153898293222,63.77065044305404
97.71647303562582,63.7713804183488
97.85159367277762,63.77211140304067
97.98690115239332,63.77283229249652
98.12239573283541,63.77354137681482
98.2580776728236,63.77425144164256
98.39394723143546,63.77554385176127
98.53000466810683,63.77695005227253
98.66625024263212,63.77835819725338
98.80268421516513,63.77977801448876
98.93930684621925,63.78168560351458
99.07611839666828,63.78359583032129
99.2131191277467,63.78550869855636
99.35030930105015,63.7869625404649
99.48768917853603,63.78808433691095
99.62525902252393,63.78943321154442
99.7630190956963,63.79178811318995
99.90096966109876,63.79414627115246
100.0391109821406,63.79567051708906
100.1774433225954,63.79507418941334
100.31596694660139,63.79464195451263
100.45468211866232,63.79439076444378
100.59358910364742,63.79413922703369
100.73268816679223,63.793887341802055
100.87197957369912,63.79358280426682
101.01146359033757,63.79313431098656
101.15114048304518,63.791540577441936
101.29101051852751,63.78999288777917
101.43107396385903,63.78855952413711
101.5713310864835,63.78515003120378
101.71178215421442,63.77982560041843
101.8524274352359,63.774493807102914
101.99326719810259,63.76915464107646
102.1343017117406,63.76380809214422
102.27553124544792,63.75843152496316
102.41695606889479,63.75252938601123
102.55857645212467,63.74661908568435
102.70039266555412,63.740700612697104
102.84240497997374,63.73477395574848
102.98461366654854,63.72883910352185
103.12701899681842,63.728601020834056
103.26962124269907,63.729054631748106
103.41242067648187,63.72950886990743
103.5554175708348,63.72996373617937
103.69861219880292,63.730419231432464
103.8420048338087,63.730956664210595
103.98559574965306,63.731536308977184
104.12938522051515,63.73049944001003
104.27337352095343,63.72928083517483
104.41756092590595,63.72775031228998
104.56194771069086,63.72397729381057
104.70653415100733,63.72019905806694
104.85132052293547,63.71641559784472
104.99630710293721,63.71262690591958
105.14149416785678,63.70883297505724
105.28688199492115,63.70507207503206
105.43247086174091,63.70144809622944
105.57826104631025,63.697819106252055
105.72425282700782,63.69418509817052
105.87044648259725,63.69054606504589
106.01684229222751,63.687833884016605
106.1634405354339,63.69229606125202
106.31024149213796,63.69676440870841
106.45724544264836,63.70101932735507
106.60445266766142,63.70463207373278
106.75186344826145,63.7082498157533
106.8994780659218,63.71203518247226
107.04729680250469,63.715876654628325
107.19531994026222,63.719723438705174
107.34354776183679,63.72357554204807
107.49198055026147,63.727503612049276
107.64061858896112,63.7291719625031
107.78946216175208,63.73066724968373
107.93851155284335,63.732164604521415
108.08776704683689,63.7336640298753
108.23722892872807,63.73516552860846
108.38689748390672,63.73672765291779
108.53677299815695,63.738420419631126
108.68685575765815,63.74011552707279
108.83714604898546,63.7418129784795
108.98764415911016,63.743512777092455
109.13835037540068,63.7351289315033
109.28926498562248,63.72583148398638
109.44038827793908,63.71652118012096
109.59172054091243,63.7071980021295
109.74326206350342,63.697861932209875
109.89501313507282,63.68851295253536
110.04697404538119,63.679572727812925
110.1991450845899,63.67129776982885
110.35152654326151,63.66301136937696
110.5041187123603,63.654713510634856
110.65692188325319,63.651865766317385
110.80993634770967,63.65822598768192
110.9631623979028,63.664595003849804
111.11660032640968,63.67097282698232
111.27025042621182,63.67735946925758
111.4241129906962,63.68375494287058
111.57818831365519,63.69020469772764
111.73247668928751,63.69672881694437
111.88697841219867,63.70326195759955
112.04169377740146,63.70730870958853
112.19662308031695,63.70458722598137
112.35176661677437,63.70186197915407
112.50712468301214,63.69913296390291
112.6626975756783,63.69640017501699
112.81848559183096,63.693663607278204
112.97448902893939,63.690923255461186
113.1307081848838,63.68899604048893
113.28714335795644,63.68744482724313
113.44379484686205,63.685900659085156
113.60066295071826,63.68435435567832
113.7577479690567,63.68280591407009
113.91505020182281,63.6863785918352
114.07256994937693,63.69184050496545
114.2303075124947,63.69730997073405
114.3882631923676,63.702786999584646
114.54643729060389,63.70827160197537
114.70483010922858,63.713763788378756
114.8634419506844,63.71937761787968
115.02227311783231,63.724338939992634
115.18132391395196,63.724571991901115
115.34059464274266,63.7248053660697
115.5000856083234,63.725039062944035
115.65979711523376,63.72527308297034
115.81972946843443,63.72550742659546
115.97988297330774,63.72574209426687
116.14025793565858,63.72597708643263
116.30085466171438,63.726212403541474
116.46167345812613,63.7265385860196
116.62271463196885,63.72716959900489
116.78397849074206,63.72780148454394
116.94546534237084,63.7284342438433
117.10717549520572,63.729067878111216
117.26910925802358,63.73277529368615
117.43126694002878,63.74062062064075
117.59364885085239,63.74861471333503
117.75625530055449,63.75699553996628
117.91908659962337,63.765387955458635
118.08214305897675,63.77090089454162
118.24542498996267,63.773622967151084
118.40893270435893,63.776383052104364
118.57266651437523,63.77914695365503
118.73662673265255,63.781886597705
118.90081367226416,63.78396244091911
119.06522764671676,63.786041154573084
119.22986896994966,63.788122742636105
119.39473795633717,63.79020720908282
119.55983492068782,63.792294557893456
119.72516017824542,63.794384793053666
119.89071404469024,63.79646922910719
120.05649683613817,63.798156121383535
120.22250886914307,63.79916136455246
120.38875046069606,63.80016799775416
120.55522192822657,63.80117602291071
120.72192358960336,63.79827246609301
120.88885576313436,63.79392590217445
121.05601876756772,63.78957332790301
121.22341292209244,63.78521473496764
121.39103854633868,63.780850115045894
121.55889596037899,63.77647945980371
121.72698548472816,63.77199597419696
121.89530744034427,63.76746215823473
122.06386214862923,63.765677350327316
122.23264993142924,63.7684131904818
122.40167111103595,63.77115281370841
122.57092601018626,63.77389622523831
122.74041495206349,63.77664343030989
122.91013826029786,63.77939443416881
123.08009625896693,63.78214924206794
123.25028927259683,63.78490785926746
123.420717626162,63.787629185044146
123.59138164508643,63.79019325251899
123.76228165524405,63.79263036035693
123.93341798295933,63.79507083818515
124.10479095500831,63.797368243180955
124.27640089861852,63.794571978177714
124.44824814147012,63.79177184654792
124.62033301169636,63.78896784294487
124.79265583788411,63.786151930246696
124.96521694907499,63.782818308428276
125.13801667476521,63.78341913668332
125.31105534490678,63.7848771149935
125.48433328990788,63.78630461753394
125.65785084063351,63.787734094000044
125.83160832840656,63.78916554712132
126.00560608500766,63.790598979631035
126.17984444267637,63.79263860572867
126.35432373411165,63.79477955076023
126.52904429247238,63.7969503585292
126.70400645137853,63.79925928727714
126.879210544911,63.80157140877154
127.05465690761278,63.80349799243412
127.23034587448944,63.804586306768016
127.4062777810097,63.80578967852456
127.58245296310652,63.807053050819896
127.758871757177,63.80831817008445
127.93553450008353,63.80958503873389
128.11244152915432,63.80989623027521
128.2895931821839,63.80965817550086
128.46698979743425,63.809419791548514
128.64463171363474,63.80939972556153
128.8225192699833,63.80968183683725
129.0006528061468,63.809882630284285
129.1790326622617,63.81118573150812
129.35765917893528,63.81249063463763
129.53653269724524,63.81379734216447
129.7156535587412,63.815105856583706
129.89502210544498,63.81624031279451
130.07463867985126,63.81685082125389
130.2545036249287,63.81746217391371
130.43461728411978,63.81807437194135
130.61498000134205,63.81868741650577
130.79559212098863,63.8192642050397
130.9764539879287,63.81979769568896
131.15756594750874,63.81934713686788
131.33892834555238,63.818748588952616
131.52054152836155,63.81726569289584
131.70240584271707,63.80884324454624
131.8845216358791,63.800409149781736
132.06688925558848,63.796149297029125
132.2495090500664,63.79912013935519
132.4323813680157,63.80209508971028
132.61550655862155,63.805512423144535
132.79888497155162,63.80894424144949
132.98251695695762,63.81238080521303
133.16640286547505,63.8158221209971
133.35054304822435,63.8192681953727
133.5349378568115,63.822719034919935
133.71958764332854,63.82617464622799
133.90449276035477,63.82952742991742
134.08965356095666,63.82843838842138
134.275070398689,63.82267520342907
134.46074362759543,63.81690404920491
134.64667360220912,63.81108757339854
134.8328606775538,63.80523338646549
135.0193052091438,63.799371104464704
135.20600755298506,63.79333904786979
135.39296806557593,63.787109112601954
135.5801871039075,63.78087056268812
135.7676650254649,63.77462338621612
135.95540218822728,63.768367571257286
136.1433989506688,63.77139295593738
136.33165567175942,63.777315710379526
136.52017271096528,63.78338348580114
136.70895042825,63.78991501317894
136.8979891840746,63.79645557223904
137.08728933939855,63.803005175470304
137.27685125568055,63.80956383537884
137.466675294879,63.81613156448809
137.65676181945315,63.82270837533877
137.84711119236306,63.82926813639939
138.03772377707082,63.83374916344194
138.22859993754116,63.83250096548086
138.41974003824188,63.831251041533385
138.61114444414522,63.82996482418798
138.80281352072768,63.8286585019073
138.9947476339713,63.827350373266924
139.1869471503641,63.8272088554588
139.3794124369008,63.82710001464301
139.57214386108402,63.82699102332403
139.76514179092413,63.82688188129376
139.95840659494053,63.82677258834378
140.15193864216212,63.826859898476236
140.34573830212807,63.82700126554518
140.53980594488888,63.82713955494145
140.73414194100636,63.82726533343221
140.92874666155484,63.82739128584727
141.1236204781218,63.82674478443887
141.3187637628084,63.82565143989508
141.5141768882307,63.8245565834935
141.70986022751967,63.823460213143555
141.90581415432231,63.82236232675178
142.10203904280235,63.82126292222183
142.29853526764072,63.820161997454434
142.49530320403687,63.81905955034744
142.69234322770873,63.81797930657305
142.8896557148938,63.816905368970865
143.0872410423499,63.815655037144154
143.28509958735563,63.81418144167159
143.4832317277118,63.81270580853689
143.68163784174112,63.811228134922374
143.88031830828962,63.809748418006535
144.07927350672716,63.808266654963894
144.2785038169481,63.80678284296513
144.4780096193725,63.80529697917697
144.67779129494605,63.803829495419436
144.87784922514118,63.80242030104933
145.0781837919584,63.80179057623457
145.27879537792543,63.8018633325845
145.47968436609997,63.80193618954064
145.68085114006885,63.80200914724211
145.8822960839492,63.80208220582823
146.08401958239006,63.80215536543847
146.28602202057115,63.80222862621257
146.48830378420598,63.802011809352095
146.6908652595408,63.801736028950714
146.89370683335588,63.80145537637866
147.09682889296695,63.80056837047904
147.30023182622435,63.79901488712445
147.5039160215157,63.79753373151631
147.70788186776505,63.799855022387305
147.91212975443432,63.802179523098886
148.11666007152454,63.80450723808957
148.32147320957498,63.806838171803996
148.52656955966597,63.809172328692966
148.73194951341807,63.811509713213454
148.93761346299328,63.81384833159591
149.14356180109644,63.81618720335091
149.3497949209749,63.81852930925702
149.55631321641988,63.820874653786404
149.76311708176723,63.82322324141735
149.9702069118979,63.82557507663437
150.17758310223925,63.82315040818153
150.3852460487651,63.81991937924551
150.59319614799693,63.816683882498964
150.80143379700445,63.81357164470343
151.00995939340632,63.810886552846206
151.2187733353715,63.809067032937065
151.4278760216191,63.807247059871095
151.63726785141967,63.80542457017806
151.84694922459585,63.80359956037803
152.05692054152303,63.80177202698621
152.26718220313072,63.79992412991588
152.47773461090227,63.797568643814564
152.68857816687648,63.7983209406094
152.899713273648,63.799442105507566
153.111140334368,63.80056482073303
153.32285975274567,63.80173978628123
153.53487193304792,63.80296714446534
153.74717728010083,63.804196199818975
153.95977619929027,63.80542695468896
154.17266909656254,63.80701913870983
154.38585637842573,63.80869743983648
154.59933845194956,63.810378061688674
154.8131157247668,63.81206100747551
155.0271886050739,63.813829178467344
155.24155750163158,63.81617039253397
155.45622282376627,63.81851884242854
155.67118498136995,63.82094312189968
155.88644438490155,63.82337075362226
156.10200144538754,63.82516423319801
156.3178565744226,63.8262494887797
156.53401018417108,63.8273362450339
156.75046268736676,63.82842450403572
156.96721449731425,63.829514267863146
157.18426602788975,63.83060553859699
157.40161769354154,63.83169831832102
157.61926990929152,63.831554700769786
157.83722309073494,63.830419463815694
158.05547765404197,63.82930324461674
158.27403401595814,63.82818548192931
158.49289259380518,63.82706617361912
158.71205380548236,63.82594531754887
158.93151806946628,63.8248229115784
159.15128580481243,63.823698953564474
159.37135743115567,63.82257344136099
159.59173336871103,63.821446372818826
159.8124140382751,63.820317745785914
160.03339986122583,63.819322392875925
160.25469125952398,63.81908399264747
160.47628865571386,63.81884526276333
160.69819247292384,63.818606202767654
160.9204031348679,63.81836681220399
161.14292106584543,63.818127090615214
161.3657466907427,63.81788703754359
161.5888804350335,63.81764665253078
161.81232272477982,63.817405935117755
162.03607398663323,63.817164884844885
162.26013464783483,63.81692350125189
162.48450513621665,63.8166513524487
162.70918588020234,63.81608832171827
162.93417730880776,63.815503923873806
163.15947985164252,63.81491871793418
163.38509393890982,63.81433270278196
163.61102000140784,63.8137458772982
163.83725847053051,63.81315824036238
164.0638097782681,63.81256979085243
164.29067435720876,63.811980527644764
164.51785264053825,63.81139044961417
164.74534506204157,63.810791822302804
164.97315205610346,63.81016939008289
165.20127405770927,63.80766082345821
165.42971150244625,63.80489696365766
165.6584648265035,63.802129282039914
165.88753446667346,63.79935777332024
166.1169208603525,63.79658243220656
166.34662444554175,63.793803253399545
166.57664566084838,63.791020231592455
166.80698494548568,63.78823336147129
167.03764273927433,63.785442637714645
167.26861948264326,63.78265223267278
167.4999156166302,63.77985901955752
167.73153158288332,63.77984587978839
167.96346782366092,63.77983373787846
168.195724781833,63.779821579178915
168.42830290088204,63.77980940366653
168.6612026249035,63.779797211318055
168.8944243986075,63.7797850021102
169.12796866731856,63.77977277601968
169.36183587697712,63.77976053302314
169.59602647414033,63.77976265625007
169.83054090598264,63.77979150093559
170.06537962029734,63.779572678470615
170.30054306549638,63.77871062748012
170.53603169061202,63.77784738446054
170.77184594529737,63.77698294776355
171.00798627982712,63.77611731573853
171.24445314509921,63.775250486732645
171.48124699263442,63.774382459090695
171.7183682745782,63.77351323115524
171.9558174437011,63.77264280126654
172.19359495339964,63.77186081406734
172.4317012576978,63.771087909060185
172.67013681124686,63.77080848897639
172.90890206932693,63.7707274878244
173.1479974878477,63.77064637466543
173.3874235233491,63.7705651493446
173.6271806330029,63.7704838117068
173.86726927461248,63.77040236159673
174.10768990661447,63.770320798858876
174.3484429880794,63.77023912333748
174.5895289787124,63.770201678038674
174.83094833885485,63.77021841647618
175.0727015294841,63.77060421102297
175.3147890122152,63.77184983184607
175.55721124930133,63.77309717509194
175.79996870363487,63.77434624314234
176.0430618387488,63.77559703838227
176.28649111881637,63.77684956320009
176.53025700865305,63.77810381998741
176.77435997371694,63.7793721274491
177.0188004801096,63.78132036526863
177.2635789945777,63.783368356243756
177.50869598451268,63.78536369239584
177.75415191795258,63.785849003940086
177.99994726358256,63.78633498656468
178.24608249073566,63.78682164119759
178.49255806939456,63.78730896876806
178.73937447019117,63.78723376548854
178.98653216440823,63.787024256150076
179.2340316239809,63.78681445710576
179.48187332149564,63.78660436795497
179.73005773019364,63.78643342964412
179.97858532396978,63.786294803959
180.22745657737423,63.784725330204324
180.47667196561406,63.78301880592683
180.72623196455226,63.781309921897275
180.97613705071097,63.77959867485265
181.22638770127068,63.77788506152541
181.4769843940716,63.77616907864351
181.72792760761547,63.77445072293036
181.97921782106442,63.77272999110486
182.2308555142444,63.77087768741281
182.48284116764418,63.76890080244355
182.73517526241687,63.7677411812184
182.98785828038174,63.76663986777781
183.24089070402292,63.76704259836035
183.49427301649305,63.7675218765128
183.74800570161213,63.76800181740275
184.0020892438692,63.76862474653494
184.2565241284237,63.769801213689576
184.51131084110554,63.77097930764251
184.7664498684165,63.77215903064325
185.02194169753108,63.773365998164984
185.2777868162973,63.77446886482882
185.5339857132383,63.77557325651747
185.79053887755225,63.77667844316913
186.04744679911386,63.77743683156063
186.30470996847524,63.77819626863839
186.56232887686673,63.77895675585251
186.82030401619843,63.779718294655105
187.07863587906007,63.78048088650031
187.33732495872275,63.78124453284422
187.59637174913965,63.781437096516385
187.85577674494675,63.78067826687953
188.11554044146465,63.779918387946246
188.37566333469823,63.77915745826562
188.63614592133845,63.77839547638468
188.89698869876307,63.77763244084845
189.1581921650375,63.77686835019999
189.4197568189163,63.77610320298027
189.68168315984332,63.77533699772832
189.94397168795302,63.77456973298108
190.20662290407154,63.774217163549935
190.46963730971737,63.77397465617307
190.73301540710307,63.77373102123279
190.996757699135,63.773487049398376
191.26086468941523,63.77324274020394
191.52533688224207,63.772998093183006
191.79017478261113,63.77275310786844
192.05537889621678,63.77250778379245
192.3209497294521,63.77226212048658
192.58688778941064,63.772038365100265
192.85319358388708,63.771860209525485
193.11986762137815,63.77165280761494
193.38691041108422,63.77137596614274
193.65432246290928,63.77109874185899
193.92210428746256,63.77082113423431
194.1902563960593,63.76935404026327
194.4587793007217,63.76739739621167
194.72767351418042,63.76543804654675
194.99693954987464,63.76347598752725
195.26657792195368,63.76154950932517
195.5365891452778,63.759620807464174
195.806973735419,63.75768943862783
196.0777322086628,63.756423131323366
196.3488650820081,63.757142421043184
196.62037287316878,63.757862705384305
196.89225610057468,63.75858398572206
197.16451528337234,63.75930626343371
197.43715094142667,63.7600295398984
197.71016359532092,63.761437121394664
197.9835537663584,63.76305127297362
198.2573219765632,63.76466765657326
198.5314687486811,63.766286275279995
198.80599460618137,63.767860267279445
199.08090007325643,63.76902807948785
199.3561856748238,63.769388032938735
199.63185193652683,63.76974848412698
199.90789938473552,63.770109433740856
200.18432854654836,63.771301125892506
200.46113994979206,63.772909874508144
200.7383341230234,63.77452084767336
201.01591159553007,63.77613404846419
201.29387289733143,63.777749479961
201.57221855918033,63.779367145248344
201.85094911256297,63.780933145106204
202.13006508970065,63.78249828763873
202.40956702355064,63.78406559442308
202.68945544780692,63.78563506845195
202.96973089690212,63.787206712722195
203.25039390600728,63.784602113227486
203.53144501103358,63.78148810180377
203.8128847486333,63.778369784379265
204.09471365620064,63.77524715499974
204.37693227187344,63.7721202077027
204.65954113453304,63.76897289913059
204.94254078380624,63.76580477308204
205.22593176006592,63.76357364853757
205.509714604432,63.761579183290436
205.79388985877333,63.759581960131484
206.07845806570737,63.75842006103594
206.36341976860191,63.759461259644226
206.64877551157693,63.76050389800383
206.93452583950335,63.76154797810559
207.22067129800703,63.76259350194314
207.5072124334674,63.76364174410022
207.7941497930195,63.76471779846466
208.0814839245557,63.765455824426006
208.36921537672453,63.76533597569572
208.65734469893474,63.76521596124069
208.9458724413538,63.76509578083178
209.2347991549101,63.7655246783793
209.52412539129458,63.76608095971702
209.8138517029596,63.7666380102709
210.10397864312293,63.76719583110458
210.39450676576647,63.76775442328319
210.68543662563815,63.768301691941936
210.97676877825384,63.76884151173279
211.26850377989612,63.76938207797704
211.56064218761824,63.76992339170688
211.8531845592429,63.77046545395592
212.14613145336406,63.76952703472624
212.4394834293491,63.767097095930644
212.73324104733732,63.76466379705802
213.027404868244,63.76222713346208
213.32197545375928,63.75978710049017
213.61695336634997,63.757337339851624
213.9123391692615,63.75484686088529
214.2081334265166,63.75464211313206
214.50433670291952,63.75540256132639
214.8009495640546,63.75616406105525
215.0979725762882,63.75692661377266
215.39540630677084,63.757690220934705
215.69325132343565,63.758454883999434
215.99150819500264,63.759220604426915
216.2901774909774,63.75998738367928
216.58925978165303,63.760755223220656
216.88875563811203,63.761477792843294
217.18866563222508,63.762180874306864
217.48899033665518,63.76288492797923
217.78973032485635,63.76358995520474
218.09088617107548,63.763762759406056
218.3924584503545,63.76270051688133
218.69444773852885,63.76163680550614
218.9968546122319,63.76057162324939
219.29967964889343,63.75950496807717
219.60292342674163,63.75843683795274
219.90658652480516,63.75735991376727
220.2106695229119,63.75776299538202
220.51517300169294,63.758834628250526
220.82009754258144,63.7599077429543
221.12544372781446,63.7609823415424
221.4312121404352,63.762058426066716
221.73740336429142,63.763135998581966
222.04401798403978,63.76421506114572
222.35105658514456,63.7652956158184
222.65851975387955,63.76637766466326
222.96640807733013,63.76746120974642
223.27472214339198,63.76854167539271
223.58346254077523,63.76962244390003
223.89262985900316,63.770704706875236
224.20222468841428,63.770717855180244
224.51224762016426,63.77009263620004
224.82269924622466,63.76919086608794
225.1335801593872,63.768287849023835
225.44489095326242,63.76738358328346
225.75663222228155,63.766478067140184
226.0688045616989,63.76557129886494
226.38140856759017,63.76466948420678
226.6944448368569,63.76377829782594
227.00791396722516,63.762907712073584
227.3218165572475,63.76282154753183
227.6361532063051,63.762735263843226
227.95092451460624,63.76264886084306
228.26613108319094,63.76256233836632
228.58177351392925,63.76247569624782
228.89785240952352,63.7623889343221
229.2143683735105,63.76258343336764
229.53132201025977,63.762847043760296
229.84871392497834,63.76313778799292
230.1665447237091,63.763498359446416
230.48481501333302,63.763919686735775
230.8035254015711,63.76434159662918
231.12267649698313,63.76476408993222
231.44226890897204,63.76518716745167
231.76230324778243,63.76561082999532
232.0827801245028,63.76603507837218
232.40370015106757,63.76645991339228
232.72506394025567,63.766885335866874
233.04687210569506,63.767493351106225
233.36912526186123,63.76920827651983
233.69182402407938,63.77092557330242
234.0149690085265,63.77259846658145
234.33856083222997,63.773309291494755
234.66260011307205,63.77402109932437
234.98708746978843,63.77473389142947
235.3120235219704,63.775447669171065
235.63740889006695,63.77616243391209
235.9632441953833,63.776878187017346
236.2895300600856,63.77525319263196
236.61626710719926,63.77329897052136
236.94345596061117,63.77134182276382
237.27109724507199,63.76938196869646
237.59919158619448,63.76741940457701
237.92773961045827,63.765454126658085
238.25674194520826,63.76348613118708
238.58619921865682,63.7615154144062
238.916112059886,63.75954197255249
239.24648109884598,63.757565801857744
239.57730696635983,63.75558689854858
239.90859029412184,63.75358306633554
240.24033171469983,63.75306373587205
240.5725318615373,63.753117300200344
240.905191368952,63.753170938596476
241.23831087214037,63.75322465116285
241.57189100717642,63.753278438002
241.90593241101354,63.753332299216666
242.2404357214867,63.75338623490969
242.5754015773121,63.753440245184045
242.91083061808942,63.75349433014287
243.24672348430272,63.75311284305243
243.58308081732147,63.75253793706786
243.91990325940284,63.75196223611332
244.25719145369123,63.75031410803247
244.59494604422073,63.748329503044765
244.9331676759159,63.746342153779835
245.27185699459292,63.74435205644295
245.61101464696165,63.74235920723413
245.95064128062555,63.74036360234814
246.29073754408378,63.73836523797444
246.63130408673226,63.7363641102973
246.97234155886457,63.73437286250377
247.31385061167435,63.732039957696415
247.65583189725484,63.72967329139179
247.99828606860135,63.7273033525022
248.34121377961205,63.72493013650241
248.68461568508908,63.722553638860845
249.02849244074082,63.72017385503973
249.37284470318156,63.717790780495
249.7176731299338,63.715404410676285
250.06297837942927,63.71338820544106
250.40876111100988,63.71305172469989
250.75502198493007,63.71274030882278
251.10176166235647,63.71242846232524
251.44898080537024,63.71211618461179
251.79668007696804,63.71180347508616
252.14486014106308,63.71149033315123
252.49352166248732,63.711176758209106
252.84266530699136,63.710862749661
253.19229174124658,63.71054830690734
253.54240163284624,63.710233429347724
253.89299565030646,63.7099181163809
254.2440744630686,63.70929064366891
254.59563874149887,63.70852262424193
254.9476891568905,63.70775354281107
255.300226381466,63.70698339790779
255.65325108837558,63.70621218806157
256.0067639517021,63.70543991179979
256.36076564645947,63.70466656764784
256.71525684859506,63.70389215412908
257.0702382349919,63.703116669764775
257.42571048346724,63.702340113074214
257.78167427277737,63.70157141968137
258.13813028261615,63.70101195933759
258.4950791936173,63.70075010426407
258.8525216873567,63.70048788710192
259.21045844635097,63.70022530735043
259.5688901540622,63.69996236450825
259.9278174948968,63.69969905807328
260.2872411542071,63.69943538754276
260.64716181829453,63.699171352413224
261.0075801744077,63.69890695218051
261.36849691074707,63.69864218633975
261.72991271646407,63.69835265696634
262.09182828166274,63.69830173654658
262.4542442974026,63.698968311906974
262.817161455697,63.69963580899616
263.1805804495177,63.70030422908871
263.54450197279414,63.700973573460914
263.90892672041485,63.701643843390855
264.2738553882305,63.70231504015839
264.6392886730522,63.70298716504512
265.0052272726562,63.703621600570756
265.37167188578286,63.70157718883622
265.7386232121386,63.69951247422087
266.10608195239826,63.69744490455409
266.4740488082041,63.695374475887995
266.8425244821701,63.693301184269195
267.211509677881,63.691225025738845
267.58100509989424,63.68914599633265
267.95101145374275,63.687064092080796
268.321529445933,63.684979309007986
268.69255978395046,63.682891643133466
269.06410317625773,63.6810357174444
269.43616033229705,63.68030002829032
269.8087319624928,63.679563057253134
270.1818187782498,63.67882506714526
270.5554214919585,63.67808605655751
270.92954081699327,63.67734602407878
271.3041774677151,63.676737973340046
271.6793321594736,63.67634197650226
272.05500560860594,63.675830647987226
272.4311985324415,63.67464852681602
272.80791164930065,63.67346477102824
273.18514567849695,63.67228317709165
273.56290134033975,63.67110393798126
273.9411793561324,63.669857404626896
274.3199804481778,63.66832545449719
274.69930533977634,63.66679138601354
275.0791547552286,63.665255196246704
275.45952941983796,63.6637168822634
275.8404300599086,63.66217644112632
276.22185740275114,63.660948900472924
276.6038121766807,63.65994656004292
276.9862951110195,63.65894356375773
277.3693069360994,63.6579580127984
277.75284838326024,63.65697109903637
278.13692018485494,63.655982820587184
278.5215230742482,63.65499317556377
278.90665778581865,63.65400216207644
279.29232505496157,63.65300977823292
279.6785256180872,63.65201602213831
280.06526021262596,63.65108005965898
280.452529577027,63.650434668715775
280.8403344507604,63.64978838533721
281.22867557432005,63.64913180655224
281.6175536892217,63.6484677463163
282.00696953800855,63.64780276782942
282.39692386424923,63.64713686982188
282.78741741254083,63.64647005102215
283.178450928511,63.64580231015701
283.57002515881646,63.645133645951425
283.96214085114855,63.64446405712863
284.3547987542312,63.643793542410066
284.74799961782367,63.64312210051543
285.14174419272314,63.641854550652255
285.53603323076305,63.639525339390474
285.9308674848184,63.63719290733593
286.3262477088041,63.634857250034955
286.72217465767756,63.63251836302774
287.1186490874413,63.63017624184831
287.5156717551412,63.62783088202451
287.91324341887207,63.62554652769102
288.3113648377757,63.62354390645207
288.7100367720437,63.62153851602335
289.10925998292,63.61953035257565
289.5090352326991,63.617517252009236
289.9093632847317,63.61550038663665
290.3102449034228,63.61453037620337
290.7116808542345,63.61386609741822
291.1136719036884,63.61320090007993
291.5162188193641,63.61253478291835
291.9193223699046,63.61186774466156
292.32298332501466,63.611199784035875
292.7272024554632,63.61053089976589
293.1319805330864,63.60986109057436
293.5373183307854,63.60918683435273
293.94321662253225,63.607967652903014
294.3496761833681,63.606588945747205
294.75669778940573,63.605208332139156
295.1642822178324,63.60355863727179
295.5724302469079,63.60151043170728
295.9811426559703,63.599459393919815
296.39042022543407,63.59740551999299
296.80026373679294,63.595643171245925
297.2106739726224,63.59410827472789
297.62165171657784,63.59257125578168
298.03319775340066,63.59102984722415
298.445312868916,63.58948568743031
298.8579978500357,63.58793939239921
299.27125348476056,63.58639095917826
299.68508056218013,63.58490587491309
300.0994798724754,63.58361430944721
300.5144522069201,63.58259406719885
300.9299983578817,63.58157241417729
301.3461191188242,63.5805493484317
301.7628152843082,63.57952486800863
302.18008764999286,63.578506088863776
302.5979370126379,63.57750000431477
303.0163641701043,63.57649252856957
303.43536992135733,63.575483659704446
303.85495506646606,63.574473395793035
304.2751204066063,63.57393176092595
304.6958667440615,63.57363751995303
305.11719488222445,63.57334287210883
305.5391056255996,63.57304781683071
305.96159977980295,63.5727523535553
306.3846781515649,63.57245648171842
306.80834154873133,63.57216832884806
307.2325907802648,63.5709577598054
307.6574266562475,63.568983844514996
308.0828499878808,63.56700719972891
308.5088615874883,63.56502782167283
308.9354622685166,63.56304570656724
309.3626528455369,63.561060850627406
309.7904341342478,63.55907325006335
310.21880695147473,63.557082901079845
310.64777211517315,63.55508979987642
311.0773304444293,63.553303453248304
311.507482759462,63.55245717009621
311.93822988162503,63.551211912421024
312.36957263340696,63.549672032789644
312.80151183843407,63.54813002383952
313.23404832147156,63.546585882626275
313.66718290842476,63.545039606201456
314.1009164263419,63.54349119161252
314.535249703414,63.54194063590285
314.97018356897735,63.54064464054923
315.4057188535161,63.53903927396165
315.84185638866063,63.53738566380508
316.2785970071937,63.5364263921439
316.715941543048,63.535861699742505
317.15389083130975,63.53529622649428
317.59244570822096,63.53472997131952
318.0316070111777,63.53416293313694
318.4713755787364,63.53359511086385
318.9117522506116,63.53302650341601
319.352737867679,63.53245710970768
319.79433327197853,63.53188692865166
320.2365393067119,63.53097352776997
320.67935681624925,63.52976071413259
321.12278664612705,63.52785554855318
321.56682964305077,63.52414163662395
322.01148665489814,63.520422589161974
322.456758530717,63.516698399065945
322.90264612073156,63.512969059224694
323.34915027634037,63.509234562517264
323.7962718501191,63.50549490181284
324.24401169582404,63.50175006997071
324.69237066838946,63.497999853698104
325.1413496239341,63.495359320567744
325.5909494197594,63.49514980809596
326.0411709143521,63.494940005913975
326.49201496738743,63.4947299136212
326.94348243972706,63.49451953081645
327.3955741934254,63.49430885709802
327.84829109172733,63.49380258974841
328.3016339990717,63.493073029366435
328.755603781094,63.49234246016107
329.21020130462415,63.49161088073732
329.6654274376932,63.4908693971009
330.1212830495312,63.48935274324391
330.57776901057,63.485709701477106
331.03488619244655,63.482125598953786
331.49263546800074,63.47865008446786
331.9510177112816,63.47516976410103
332.4100337975457,63.47168463120779
332.8696846032596,63.468194679133504
333.32997100610334,63.464699901214274
333.7908938849682,63.46120029077697
334.25245411996326,63.45774369055147
334.714652592413,63.45454586633007
335.1774901848608,63.45275404152978
335.64096778107165,63.45323038053391
336.1050862660303,63.45370737821132
336.56984652594747,63.454185035472825
337.0352494482581,63.45466335323047
337.5012959216243,63.455142332397585
337.9679868359382,63.45562197388874
338.43532308232017,63.456102278619795
338.9033055531251,63.45658324750787
339.3719351419407,63.457037903743185
339.84121274359,63.457483394309406
340.3111392541349,63.456332150853896
340.78171557087404,63.45436299431702
341.2529425923491,63.45239111486479
341.7248212183428,63.45041650873198
342.19735234988235,63.44843917214821
342.670536889242,63.44645910133785
343.1443757399413,63.44447629252004
343.61886980675166,63.44249074190874
344.09401999569417,63.44050232325224
344.56982721404273,63.43851084612733
345.04629237032714,63.436432118916265
345.5234163743312,63.43356424790728
346.0012001370991,63.43069241125621
346.47964457093343,63.42781660347944
346.9587505893982,63.42493681908576
347.4385191073223,63.42205305257636
347.9189510407969,63.419043925570726
348.4000473071826,63.4158065631692
348.88180882510704,63.41256472419933
349.36423651446813,63.409308275372645
349.8473312964371,63.406045301822296
350.33109409345667,63.40378037748128
350.8155258292474,63.40197524513262
351.30062742880585,63.400142898119064
351.78639981840763,63.398162756929764
352.27284392561063,63.3961798776357
352.75996067925274,63.39419425645069
353.2477510094589,63.39220588958328
353.7362158476386,63.390214773236806
354.2253561264895,63.38822547796447
354.7151727800001,63.386240810267
355.20566674344815,63.38471147909543
355.69683895340717,63.38315191779718
356.18869034774417,63.38159019996473
356.6812218656232,63.380026322616054
357.17443444750825,63.378460282765005
357.6683290351614,63.37689207742134
358.16290657164933,63.375321703590615
358.65816800134155,63.37374915827432
359.15411426991324,63.372174438469756
359.6507463243488,63.370608519174546
360.1480651129395,63.369707288257004
360.6460715852905,63.37037804884662
361.1447666923185,63.37104973695229
361.6441513862552,63.371722353856555
362.1442266206505,63.372111826305826
362.6449933503702,63.372267554596775
363.14645253160313,63.372423498226084
363.6486051218588,63.37257965749154
364.1514520799708,63.37273603269131
364.6549943660999,63.37289845166127
365.1592329417323,63.37241150771205
365.6641687696859,63.37062170152094
366.16980281410883,63.36905910662797
366.6761360404822,63.367494351006016
367.18316941562347,63.36592743166723
367.6909039076857,63.36435834561968
368.19934048616125,63.362787089867254
368.7084801218829,63.361213661409735
369.21832378702567,63.359664880457494
369.72887245510987,63.35826230802872
370.24012710100095,63.3559071788446
370.75208870091274,63.35246108631716
371.2647582324089,63.34901022859301
371.7781366744045,63.34555459908289
372.29222500716946,63.34209419118846
372.807024212328,63.33862899830224
373.32253527286196,63.33482889633255
373.83875917311275,63.33100811903264
374.3556968987821,63.3271820584284
374.8733494369364,63.32335070721419
375.3917177760053,63.320407611192564
375.91080290578594,63.31775251944222
376.4306058174441,63.315093756277236
376.95112750351547,63.31230441386559
377.47236895790974,63.309469173929436
377.99433117590956,63.30663001347287
378.5170151541743,63.303786927074675
379.04042189074147,63.30093990930613
379.5645523850283,63.298088954730986
380.08940763783517,63.29523405790552
380.6149886513451,63.292657130716556
381.1412964291273,63.29030595192777
381.6683319761388,63.28795152196991
382.1960962987259,63.28513886842222
382.72459040462746,63.281551750245555
383.2538153029748,63.27795967186432
383.7837720042949,63.27436262641968
384.3144615205123,63.27046037670385
384.84588486495016,63.26598842966807
385.37804305233425,63.261510298901804
385.91093709879215,63.257025975854305
386.4445680218566,63.25251149104675
386.97893684046886,63.24797954021051
387.51404457497654,63.24466215444134
388.0498922471408,63.24152030759211
388.5864808801342,63.239117257384976
389.12381149854406,63.23671088428188
389.6618851283761,63.23430118368796
390.2007027970519,63.23188815100202
390.74026553341673,63.22947178161651
391.28057436773673,63.22705207091748
391.8216303317028,63.22461560385282
392.363434458434,63.222130897630564
392.90598778247517,63.21964275559982
393.44929133980446,63.21715117300961
393.993346167831,63.21465614510239
394.5381533053985,63.21215766711402
395.08371379278867,63.20967487098523
395.6300286717189,63.20729436438995
396.1770989853498,63.20439655220122
396.7249257782831,63.20131775711194
397.2735100965646,63.19823470471843
397.8228529876885,63.19513966920175
398.3729555005945,63.19203815879906
398.92381868567554,63.1889323596818
399.4754435947754,63.185822265919626
400.0278312811925,63.183103450381424
400.58098279968317,63.18107131956046
401.1348992064595,63.1790363787444
401.68958155919694,63.176998624047606
402.2450309170317,63.174958051579125
402.8012483405648,63.17291465744256
403.3582348918653,63.170865337321366
403.91599163446807,63.16862492772114
404.47451963338136,63.167033741536386
405.0338199550846,63.16561561452634
405.5938936675319,63.16419552655497
406.1547418401558,63.16285696458101
406.7163655438646,63.16173596593761
407.2787658510504,63.1606134171968
407.8419438355867,63.15951516726015
408.4059005728316,63.158567424859214
408.97063713963223,63.15761837193658
409.53615461432145,63.15669147101343
410.1024540767265,63.155339627402434
410.6695366081658,63.15205055288981
411.2374032914533,63.14875693030223
411.8060552109017,63.145458753350695
412.3754934523202,63.142250994405465
412.9457191030225,63.13893904206589
413.51673325182384,63.135622510016304
414.0885369890454,63.13230139192395
414.6611314065175,63.12897568144733
415.2345175975773,63.12565662979182
415.80869665707684,63.122348042938796
416.38366968138035,63.119197669906924
416.9594377683681,63.116214407274555
417.53600201744024,63.11322701943858
418.1133635295141,63.110000315569266
418.6915234070324,63.10580520387306
419.27048275396044,63.10160429124947
419.85024267579024,63.09739756967706
420.4308042795441,63.0936519846683
421.0121686737721,63.090307065191524
421.5943369685603,63.08698320371771
422.1773102755279,63.08365532569913
422.7610897078312,63.080322845948785
423.34567638016773,63.07698575810347
423.9310714087731,63.0736440557912
424.5172759114297,63.070297732631175
425.1042910074636,63.06711326389339
425.6921178177488,63.064696038644186
426.280757464711,63.062275470898
426.8702110723247,63.0598515560329
427.46047976612203,63.05743175746982
428.05156467318943,63.05501530634698
428.64346692217197,63.05257119359882
429.23618764327705,63.04997535082965
429.82972796827204,63.04737591857428
430.4240890304922,63.04477289186927
431.0192719648382,63.042160730675356
431.6152779077801,63.03937932227961
432.21210799736116,63.03659406780076
432.8097633731952,63.03380496192054
433.4082451764751,63.030691361743536
434.00755454996977,63.027552361110104
434.60769263802854,63.02440901992126
435.20866058658476,63.02126133217497
435.81045954315334,63.01810929186087
436.41309065683896,63.01495289296032
437.0165550783336,63.011799029021596
437.62085395992034,63.00926754733866
438.22598845547736,63.00687431250856
438.83195972047537,63.00447776835502
439.4387689119859,63.00207791030195
440.0464171886787,62.99969867661663
440.65490571082563,62.997330373897825
441.2642356403049,62.99495879633127
441.87440814059806,62.99212417728454
442.48542437679873,62.98888008371531
443.0972855156098,62.98563150426999
443.7099927253475,62.982378432745584
444.3235471759452,62.97926487705252
444.937950038951,62.97627627965816
445.5532024875362,62.97328354968335
446.16930569649253,62.97057526754091
446.7862608422362,62.96840319414126
447.4040691028117,62.965506565267056
448.02273165788984,62.96222372614103
448.64224968877534,62.95893634756226
449.26262437840484,62.955644423253624
449.8838569113507,62.95234794692938
450.5059484738251,62.948110471745736
451.1289002536772,62.94293523526327
451.75271344040215,62.93775284255392
452.37738922513773,62.93256328372219
453.00292880066905,62.92736015000025
453.629333361432,62.92214741840984
454.2566041035125,62.91738570035839
454.884742224651,62.91328021786816
455.5137489242443,62.910641986688965
456.1436254033469,62.9082120766728
456.7743728646758,62.90577880661938
457.40599251260954,62.90334217188251
458.03848555319263,62.90090216780955
458.6718531941372,62.898458789741454
459.3060966448249,62.89599980776957
459.9412171163111,62.893002908454164
460.5772158213245,62.889812165922045
461.21409397427107,62.8866170112867
461.8518527912361,62.883417438447196
462.490493489986,62.87971913334133
463.1300172899725,62.87586620851721
463.77042541233214,62.87200795593574
464.4117190798904,62.86851661123622
465.0538995171639,62.86534722398847
465.6969679503618,62.862173454167234
466.3409256073904,62.85896929665636
466.9857737178524,62.85575522510295
467.6315135130513,62.85253670918738
468.2781462259933,62.84948716941941
468.9256730913889,62.84637607428023
469.5740953456576,62.842684383284436
470.22341422692705,62.838987587482606
470.87363097503743,62.83528567981594
471.5247468315434,62.83157865321582
472.17676303971587,62.827866500603875
472.82968084454643,62.82416001488184
473.4835014927467,62.820533472550075
474.13822623275286,62.81736113263009
474.7938563147273,62.814184406053705
475.45039299056054,62.810898835794994
476.1078375138759,62.80756084927105
476.76619114002847,62.804218247037475
477.42545512610934,62.80087102271173
478.0856307309499,62.79751916990251
478.7467192151187,62.79400481590365
479.4087218409308,62.790474229073155
480.0716398724449,62.7869101258089
480.7354745754676,62.783338791508484
481.40022721755776,62.77976251882918
482.0658990680235,62.77620588058861
482.7324913979317,62.77286834245301
483.4000054801048,62.76953016871562
484.06844258912525,62.766188822606054
484.73780400134007,62.76284285614129
485.4080909948575,62.75949226293237
486.0793048495569,62.7561370365815
486.7514468470851,62.752785344436866
487.4245182708615,62.74858208627724
488.0985204060819,62.743782175970594
488.77345453971594,62.73889721991349
489.44932196051633,62.73400550902421
490.12612395901573,62.729107033962315
490.8038618275314,62.724201785374404
491.4825368601697,62.71928975389417
492.16215035282283,62.71437093014235
492.8427036031784,62.70956055178635
493.5241979107165,62.704980324150924
494.2066345767141,62.70071882458024
494.8900149042497,62.6972418255702
495.5743401981999,62.69273441112971
496.2596117652493,62.68802409037711
496.94583091388745,62.683307256275
497.6329989544131,62.67852161359346
498.32111719893896,62.6732753302586
499.01018696138857,62.668021792454496
499.70020955750584,62.66276099014983
500.39118630485206,62.657596783450416
501.0831185228104,62.65249477139071
501.7760075325906,62.64737799028278
502.46985465722565,62.64309315995266
503.1646612215815,62.639533022705436
503.8604285523544,62.63599367340564
504.5571579780747,62.63244942995529
505.2548508291122,62.62890028558681
505.9535084376725,62.6253462335233
506.6531321378071,62.62178726697851
507.35372326541017,62.61822337915675
508.0552831582229,62.614917245601426
508.75781315583856,62.61182436226921
509.46131459969916,62.60872720215178
510.1657888331051,62.60562575933528
510.87123720121247,62.60252002789767
511.57766105103707,62.59941000190871
512.2850617314597,62.59629567542997
512.9934405932225,62.592814142184025
513.7027989889393,62.58900185993585
514.4131382730919,62.585184306130145
515.1244598020355,62.58145468053429
515.8367649340024,62.57817239822498
516.5500550290998,62.57489159396227
517.2643314493189,62.57160625306058
517.9795955585327,62.568485282263815
518.6958487224996,62.565717795350686
519.4130923088688,62.562946481604854
520.1313276871774,62.56017133573463
520.8505562288592,62.557392352441035
521.5707793072429,62.55460952641773
522.291998297556,62.55109096057359
523.0142145769297,62.546474586508104
523.7374295243958,62.5417164465556
524.4616445208968,62.53695172713003
525.1868609492825,62.532180419133425
525.9130801943151,62.527402513455215
526.6403036426733,62.522618000972244
527.3685326829501,62.51782687254873
528.097768705662,62.513029119036275
528.8280131032462,62.50870370816429
529.5592672700654,62.50441699879944
530.2915326024126,62.50038254585335
531.0248104985077,62.496738528972706
531.7591023585078,62.49309099018645
532.494409584504,62.489438407647086
533.2307335805261,62.48578077438021
533.9680757525477,62.48162270277081
534.7064375084826,62.47726230003645
535.4458202581955,62.47289586781312
536.186225413498,62.46852339776336
536.9276543881543,62.46414488153816
537.6701085978858,62.459760310776986
538.4135894603672,62.455598824671114
539.158098395238,62.451716509622734
539.9036368240979,62.44791532294716
540.650206170513,62.44410888005685
541.3978078600197,62.4402971736836
542.1464433201219,62.436480196549155
542.896113980301,62.432657941365214
543.6468212720134,62.42883040083336
544.3985666286944,62.424999093184084
545.1513514857639,62.42119399813077
545.9051772806226,62.417495953130334
546.6600454526629,62.413777868346756
547.4159574432653,62.409402509525975
548.1729146958032,62.40448918704998
548.9309186556484,62.39956907051722
549.6899707701673,62.39462237921568
550.4500724887316,62.389521611987306
551.2112252627151,62.38441379150683
551.973430545498,62.37929890802114
552.736689792473,62.3731221879313
553.5010044610412,62.36689883306489
554.266376010623,62.36067006024278
555.0328059026544,62.35448829648037
555.8002956005922,62.34976704112788
556.5688465699195,62.34507011785184
557.3384602781415,62.3403666997521
558.1091381947966,62.33565677784772
558.8808817914534,62.33094034314535
559.6536925417149,62.326217386639215
560.4275719212237,62.322091405052426
561.2025214076612,62.31845141945049
561.9785424807525,62.31480729635567
562.755636622269,62.311142120022275
563.5338053160305,62.30673000204269
564.3130500479102,62.30197192017546
565.0933723058346,62.297207258915506
565.8747735797875,62.29243600916493
566.6572553618137,62.28748084053032
567.4408191460204,62.282355218360706
568.2254664285824,62.27722250857
569.011198707742,62.272082701357604
569.7980174838134,62.2669357869093
570.5859242591856,62.261666039610546
571.3749205383247,62.25635505616199
572.1650078277785,62.25132133684089
572.9561876361764,62.2472735125806
573.7484614742349,62.24322009105942
574.5418308547589,62.23916106453754
575.336297292645,62.2350964252645
576.1318623048861,62.23102616547904
576.9285274105711,62.226950277409244
577.7262941308901,62.222869243514594
578.5251639891366,62.21878967100243
579.32513851071,62.21474493938507
580.1262192231205,62.21045124518822
580.9284076559891,62.204848580241254
581.7317053410524,62.19923816802677
582.5361138121648,62.193619997831995
583.3416346053015,62.18799405892932
584.1482692585632,62.18220807177489
584.9560193121756,62.1763999639267
585.764886308495,62.17058382472812
586.5748717920101,62.16475964307355
587.3859773093451,62.1589689380859
588.1982044092645,62.15350539716529
589.0115546426724,62.148995038465664
589.8260295626178,62.14460487683451
590.6416307242994,62.14030846228704
591.4583596850622,62.13601897874768
592.2762180044089,62.13172356378519
593.0952072439964,62.12742220919768
593.9153289676408,62.123114906771974
594.7365847413233,62.11880164828347
595.558976133186,62.11432644109383
596.3825047135437,62.109762683246785
597.2071720548803,62.10490487574975
598.0329797318541,62.099181532699745
598.8599293213032,62.093450275510634
599.6880224022418,62.08771109323891
600.5172605558718,62.082013770953004
601.3476453655792,62.076394934394784
602.1791784169394,62.07089362957345
603.0118612977229,62.065384717643596
603.8456955978913,62.05986818808628
604.6806829096091,62.05441643327484
605.51682482724,62.04898542064608
606.3541229473524,62.044038735534514
607.1925788687246,62.039757976139605
608.0321941923418,62.035502561855765
608.8729705214068,62.03187219331782
609.7149094613374,62.02823680476949
610.5580126197708,62.02459638926918
611.40228160657,62.02095093986571
612.2477180338198,62.0173004495983
613.0943235158383,62.0136653515613
613.9420996691733,62.0100868786723
614.7910481126083,62.005405390587796
615.6411704671675,61.999560066347435
616.4924683561122,61.99335524306967
617.3449434049527,61.98714183987037
618.1985972414446,61.98091984488531
619.0534314955944,61.97468924623395
619.9094477996649,61.96857851700834
620.7666477881717,61.96251139191188
621.6250330978946,61.95643587730049
622.4846053678749,61.950929444191715
623.3453662394198,61.946319229806974
624.2073173561088,61.94241945620756
625.0704603637894,61.93851429006914
625.9347969105899,61.93443190902678
626.8003286469144,61.93017391079215
627.66705722545,61.925910024671715
628.5349843011708,61.92164024252379
629.4041115313354,61.917364556195494
630.2744405754985,61.913064714085344
631.1459730955067,61.90873360132615
632.018710755505,61.904506893895075
632.8926552219419,61.899451296559455
633.7678081635656,61.894388708431904
634.6441712514367,61.889319119845645
635.5217461589234,61.88424252112058
636.4005345617085,61.879158902563205
637.2805381377938,61.87406825446663
638.1617585674971,61.868989056911545
639.0441975334647,61.86406213633825
639.9278567206666,61.859128402905
640.8127378164025,61.8545110621358
641.6988425103086,61.849916066676776
642.5861724943522,61.84604743295601
643.4747294628454,61.84255041716219
644.3645151124401,61.83904856575582
645.2555311421345,61.83554481286087
646.1477792532788,61.83203652755482
647.041261149571,61.82852339105295
647.9359785370699,61.8250053966471
648.8319331241904,61.82148253761986
649.7291266217101,61.81797818287055
650.6275607427744,61.81399469089901
651.5272372028937,61.809059586914216
652.4281577199545,61.80360076370969
653.3303240142164,61.79813439213951
654.233737808318,61.79266046176593
655.138400827282,61.78717896213674
656.0443147985125,61.78168988278533
656.9514814518062,61.7761932132306
657.8599025193495,61.77042871934827
658.7695797357239,61.764402806601865
659.6805148379121,61.75840553346473
660.5927095652942,61.753895455956766
661.5061656596598,61.750186362097615
662.4208848652045,61.74647213936807
663.3368689285359,61.74275278067603
664.2541195986793,61.73928865087878
665.1726386270738,61.73643145243055
666.0924277675851,61.73357030309808
667.0134887765016,61.73070519741813
667.9358234125399,61.72783612991995
668.8594334368516,61.72496398188055
669.7843206130186,61.72208853817892
670.7104867070663,61.71709647383841
671.6379334874593,61.71070032291594
672.5666627251079,61.70429532750737
673.4966761933736,61.697881475382665
674.4279756680652,61.69145875429498
675.3605629274524,61.68502715198041
676.2944397522605,61.67858665615817
677.2296079256776,61.67213725453047
678.16606923336,61.66600182962169
679.1038254634285,61.65990439653106
680.0428784064813,61.65392860098231
680.9832298555899,61.65066679073318
681.9248816063051,61.647400470109645
682.8678354566636,61.64412963287484
683.8120932071829,61.64085427278327
684.7576566608759,61.63769776014736
685.7045276232454,61.63459096881857
686.6527079022909,61.63147988147285
687.6021993085142,61.628364492169716
688.5530036549183,61.62526178709381
689.505122757014,61.62216329406806
690.4585584328227,61.61808809748746
691.4133125028787,61.61287250951662
692.3693867902364,61.60756428267585
693.3267831204681,61.60224871571147
694.2855033216721,61.59692579847365
695.2455492244737,61.59159552079859
696.2069226620297,61.58625787250838
697.1696254700331,61.58091284341106
698.1336594867138,61.57556744085275
699.0990265528437,61.57023819787101
700.0657285117405,61.565018668724434
701.03376720927,61.56139905661633
702.0031444938525,61.55777443937164
702.973862216462,61.554144810069346
703.9459222306331,61.55051016177887
704.919326392463,61.54687089657032
705.894076560615,61.543230652687804
706.8701745963248,61.53958537513945
707.8476223633992,61.535935056964796
708.8264217282234,61.53233551959663
709.8065745597632,61.52874801873606
710.7880827295681,61.52363151350418
711.7709481117777,61.518133357811365
712.7551725831208,61.51263289717677
713.7407580229225,61.50712542425238
714.727706313106,61.501610335690366
715.7160193381964,61.496087620959905
716.7056989853269,61.49055726951571
717.6967471442377,61.48501927079786
718.6891657072835,61.47949624806452
719.6829565694349,61.47401830185693
720.6781216282825,61.469378399727184
721.6746627840432,61.46512725883502
722.6725819395591,61.46087023953927
723.6718810003041,61.45660733371136
724.6725618743872,61.45233853321152
725.674626472555,61.448063829888696
726.6780767081988,61.44378572030544
727.682914497353,61.43950423996005
728.6891417587017,61.43521683925823
729.6967604135851,61.431005483109644
730.705772385995,61.42649150915771
731.7161796025889,61.422651933841834
732.7279839926854,61.41914186112221
733.7411874882708,61.41562863034334
734.7557920240063,61.41211455554013
735.7717995372225,61.408595621535476
736.7892119679348,61.40507182161017
737.8080312588376,61.4015431490357
738.8282593553121,61.39800959707425
739.8498982054324,61.39450501376299
740.8729497599609,61.391423461216284
741.8974159723631,61.38754213440893
742.9232987988023,61.383510865658096
743.9506001981472,61.37947402253903
744.9793221319778,61.37543159734358
746.0094665645815,61.371383582353
747.0410354629671,61.367329969837776
748.0740307968603,61.363270752057765
749.1084545387105,61.35890185101475
750.1443086636976,61.35447531370949
751.1815951497276,61.35005058227137
752.2203159774466,61.345623010408
753.2604731302365,61.34118931617537
754.3020685942219,61.336749491107554
755.3451043582766,61.33230352672696
756.3895824140196,61.32833241883171
757.4355047558289,61.32457329629622
758.4828733808375,61.32080897571155
759.5316902889397,61.317039449889926
760.5819574827985,61.31326471163366
761.6336769678406,61.30952553977289
762.6868507522715,61.30599552613767
763.7414808470702,61.30213550957362
764.7975692659965,61.29782462767308
765.8551180255979,61.293507784760116
766.914129145205,61.289184972591954
767.9746046469461,61.28485618291441
769.0365465557425,61.28052140746189
770.0999568993154,61.27618063795736
771.1648377081935,61.272083569346464
772.2311910157074,61.268607762574504
773.2990188580047,61.265178282471396
774.3683232740459,61.26216260931798
775.4391063056105,61.26008855526299
776.5113699973048,61.25822500337178
777.5851163965565,61.25635887459346
778.6603475536302,61.254490165364786
779.7370655216225,61.25261887211752
780.8152723564688,61.250744991278545
781.8949701169506,61.248868519269784
782.9761608646908,61.2469894525082
784.0588466641684,61.245162780131054
785.1430295827142,61.243368191176444
786.2287116905177,61.24157112069549
787.315895060634,61.239157908928526
788.4045817689793,61.236661662462
789.4947738943457,61.234157673878435
790.5864735183972,61.23165022282306
791.6796827256757,61.22913930450805
792.774403603609,61.22662491413891
793.8706382425058,61.22410704691457
794.968388735571,61.22195388939636
796.0676571789002,61.22001898333639
797.168445671488,61.21788998618622
798.2707563152344,61.2146970995862
799.3745912149402,61.211499797918194
800.4799524783226,61.2082278070346
801.5868422160097,61.204859601331286
802.6952625415486,61.20157100490471
803.8052155714116,61.198368218484994
804.9167034249926,61.195161003308
806.0297282246215,61.19194935324972
807.1442920955596,61.18880416553305
808.2603971660072,61.18597903824524
809.3780455671106,61.184123744377935
810.4972394329571,61.182167971637334
811.6179809005911,61.17996163542606
812.7402721100084,61.178382772135365
813.8641152041644,61.17712755879167
814.9895123289804,61.175870609760814
816.1164656333399,61.17461192264274
817.2449772691032,61.17335149503404
818.3750493911031,61.17215687599864
819.5066841571519,61.17138781435751
820.6398837280491,61.1699511437213
821.7746502675762,61.1679979052409
822.9109859425129,61.16604196585635
824.048892922631,61.16408332183289
825.1883733807035,61.162262072132464
826.3294294925108,61.16114666808936
827.4720634368359,61.15972377747795
828.6162773954808,61.15825939360533
829.7620735532607,61.156792984808185
830.9094540980126,61.15542179749675
832.0584212206013,61.15413201606782
833.2089771149159,61.15397800728687
834.3611239778847,61.15382378554527
835.5148640094707,61.153906612945576
836.6701994126787,61.15410121935746
837.8271323935635,61.154296094867696
838.9856651612241,61.15356259320532
840.1457999278207,61.152664984455875
841.3075389085683,61.1517661345087
842.4708843217456,61.15091728156594
843.6358383887019,61.15015776962434
844.8024033338523,61.148561370636784
845.9705813846937,61.14658290462687
847.1403747717995,61.14460170282862
848.311785728828,61.14261776145903
849.4848164925281,61.14063107672987
850.6594693027397,61.13895830689399
851.8357464024002,61.13767448814119
853.0136500375489,61.13676420560165
854.19318245733,61.135852664339275
855.374345914,61.13507803267012
856.5571426629276,61.13489601984814
857.7415749626008,61.135366379539484
858.9276450746308,61.135837389636
860.1153552637551,61.136280891749266
861.3047077978455,61.13640197859573
862.495704947907,61.1370213325425
863.6883489880861,61.138341160113484
864.8826421956736,61.13966281271905
866.0785868511088,61.14098629288283
867.2761852379866,61.14236399128146
868.4754396430574,61.14380491248535
869.676352356234,61.14444394777925
870.8789256705961,61.144557743572314
872.0831618823934,61.14467169672022
873.289063291053,61.144785807440556
874.4966321991793,61.14490007595121
875.7058709125617,61.14473084552927
876.9167817401777,61.144358821102
878.1293669941969,61.143986282245834
879.3436289899886,61.14361474887694
880.5595700461213,61.143376845239366
881.7771924843705,61.14313861263279
882.9964986297222,61.14385822236167
884.217490810376,61.144793361394704
885.4401713577543,61.14578511572518
886.6645426065,61.14687672579403
887.8906068944858,61.14796984532223
889.1183665628167,61.1490644763971
890.3478239558343,61.15016062110875
891.5789814211245,61.15125828155022
892.8118413095167,61.15241903432394
894.046405975091,61.15362960989509
895.2826777751865,61.1550811595514
896.5206590703951,61.15715959744057
897.76035222458,61.15924090935745
899.0017596048688,61.161325099276226
900.2448835816625,61.16348476538376
901.489726528644,61.165943749162096
902.7362908227714,61.16840613318037
903.9845788442963,61.17080587546139
905.234592976758,61.172421888580025
906.4863356069918,61.17419986651488
907.7398091251371,61.17598030300668
908.9950159246317,61.177763201455036
910.2519584022299,61.179548565264334
911.5106389579961,61.18133639784361
912.7710599953135,61.18283094611097
914.0332239208926,61.184743771803824
915.2971331447651,61.186746405598754
916.562790080302,61.18875180860083
917.8301971442075,61.19075998463926
919.0993567565279,61.19287962247974
920.3702713406592,61.195058314778365
921.6429433233421,61.19662180500079
922.9173751346798,61.19722781275837
924.1935692081315,61.19766256418738
925.4715279805217,61.19835621890405
926.7512538920483,61.1994932048911
928.0327493862766,61.20063176308255
929.3160169101577,61.20177189565245
930.6010589140222,61.20291360477781
931.8878778515895,61.20433739590277
933.176476179975,61.20617365904115
934.466856359686,61.20846136167806
935.7590208546379,61.21154517249345
937.05297213215,61.214633247548726
938.3487126629532,61.21772225901383
939.6462449211986,61.220806475713445
940.9455713844518,61.2237984615002
942.2466945337113,61.22653811214855
943.5496168534021,61.22928155113811
944.8543408313848,61.23202878370732
946.160868958964,61.23487374427072
947.4692037308826,61.237752477962765
948.7793476453396,61.240635192317626
950.091303203985,61.2435987501218
951.4050729119278,61.247595348410044
952.7206592777451,61.2515974731248
954.0380648134757,61.25560513190791
955.357292034639,61.259618332411804
956.678343460229,61.26363708229945
958.0012216127229,61.26766138924445
959.3259290180897,61.27172515709619
960.6524682057844,61.27616672372228
961.9808417087669,61.28065922733093
963.3110520634953,61.28483207732307
964.643101809935,61.28900592902636
965.9769934915682,61.29318555225909
967.3127296553866,61.29737095500204
968.650312851911,61.30156214524702
969.9897456351853,61.305637013317266
971.3310305627846,61.309657757131475
972.6741701958249,61.313684060760224
974.0191670989566,61.31782888192604
975.3660238403834,61.322542938159714
976.7147429918563,61.32872574390148
978.0653271286825,61.334917099119345
979.4177788297344,61.34103222169652
980.7721006774431,61.34706065161902
982.1282952578177,61.35309741754942
983.4863651604397,61.35914253101464
984.8463129784709,61.365196003557465
986.2081413086629,61.3712578467367
987.5718527513512,61.37738576783684
988.937449910474,61.383974651973084
990.3049353935662,61.39058906224853
991.6743118117682,61.396325936010896
993.0455817798352,61.40207074262241
994.418747916131,61.407823493052454
995.793812842647,61.413584198285605
997.170779184996,61.419352869321614
998.5496495724221,61.4251403371018
999.9304266378085,61.431091620627086
1001.3131130176722,61.43722559422625
1002.6977113521831,61.44355576161557
1004.0842242851578,61.44990247937606
1005.4726544640686,61.45625797326733
1006.863004540053,61.462622255424876
1008.2552771679069,61.46899533800095
1009.6494750061049,61.475368975677725
1011.0456007167932,61.481750163801735
1012.4436569657992,61.488140175721554
1013.8436464226407,61.49453902363859
1015.2455717605201,61.50107622613185
1016.6494356563426,61.50832013323137
1018.0552407907115,61.5156586079939
1019.4629898479368,61.523759189640344
1020.872685516044,61.532888199139194
1022.2843304867688,61.54202983207339
1023.6979274555758,61.5511841058984
1025.1134791216532,61.560351038093835
1026.5309881879211,61.56953064616346
1027.9504573610416,61.578722947635256
1029.371889351412,61.58784060513923
1030.7952868731852,61.59655058085445
1032.2206526442626,61.60512817995605
1033.6479893863038,61.61367906921549
1035.0772998247369,61.62219532862524
1036.50858668875,61.63072336417017
1037.9418527113135,61.63926319213416
1039.3771006291722,61.64799321542273
1040.8143331828553,61.65723655677329
1042.2535531166861,61.66649267965532
1043.6947631787748,61.675761601742835
1045.1379661210392,61.68574971288322
1046.5831646991983,61.69598454828302
1048.0303616727817,61.70625995641695
1049.479559805138,61.716421187573175
1050.9307618634334,61.72576809278536
1052.3839706186618,61.73512792273529
1053.839188845649,61.74450069529507
1055.2964193230564,61.75388642836151
1056.7556648333907,61.763285139856194
1058.2169281630038,61.77269684772544
1059.6802121021005,61.78212156994042
1061.1455194447447,61.792868999981344
1062.6128529888624,61.80387808963914
1064.082215536252,61.81490668453357
1065.5536098925827,61.82602287671935
1067.0270388674046,61.8371544401821
1068.5025052741528,61.848301396176936
1069.9800119301512,61.85946376598838
1071.4595616566237,61.87039986444111
1072.941157278691,61.88122754266597
1074.4248016253819,61.892070193215716
1075.9104975296375,61.902787339437495
1077.3982478283144,61.913378809686975
1078.888055362196,61.923963464331806
1080.3799229759898,61.9344908842644
1081.8738535183388,61.94494130124051
1083.3698498418244,61.955304484665035
1084.8679148029719,61.96568199811912
1086.3680512622593,61.97607386141809
1087.8702620841175,61.98648009440464
1089.3745501369385,61.99690071694894
1090.8809182930815,62.00760227031938
1092.3893694288759,62.0186166026632
1093.8999064246316,62.02995775545919
1095.4125321646386,62.04131459060378
1096.9272495371763,62.052687129782214
1098.4440614345174,62.06407539470978
1099.9629707529332,62.075479407131745
1101.4839803927034,62.08689918882348
1103.0070932581145,62.09833366793186
1104.5323122574694,62.10976590093471
1106.0596403030968,62.12121760005794
1107.5890803113446,62.13277527431452
1109.120635202601,62.144281691348674
1110.6543079012888,62.15578775876534
1112.1901013358736,62.168239503240294
1113.728018438876,62.18097891117358
1115.2680621468626,62.193423915550206
1116.8102354004695,62.20583350722385
1118.3545411443943,62.21826025866475
1119.9009823274057,62.230704193601106
1121.4495619023558,62.243308793528385
1123.0002828261709,62.25594063583708
1124.553148059874,62.26858154584099
1126.108160568579,62.28132776659955
1127.6653233214988,62.29362625308241
1129.2246392919571,62.305244032689295
1130.7861114573811,62.316877877159456
1132.3497427993232,62.328527808707165
1133.9155363034536,62.34019384957732
1135.4834949595718,62.35187602204562
1137.0536217616154,62.36364519408447
1138.6259197076545,62.37571797793714
1140.2003917999123,62.38811358500994
1141.7770410447595,62.400494082371424
1143.3558704527234,62.41313362866178
1144.936883038499,62.42663485079517
1146.5200818209423,62.44015474218337
1148.1054698230912,62.45373234817285
1149.6930500721594,62.46744243298072
1151.2828255995469,62.48101762667811
1152.8747994408493,62.49457472853172
1154.4689746358524,62.50815057690963
1156.0653542285536,62.52174519773427
1157.6639412671539,62.535364054190865
1159.26473880407,62.54900722028786
1160.8677498959444,62.5626504251929
1162.4729776036372,62.57631249568405
1164.08042499225,62.58999345784836
1165.6900951311175,62.60369333780889
1167.301991093819,62.61741216172483
1168.9161159581884,62.6311499557916
1170.5324728063074,62.64490674624072
1172.1510647245277,62.659253548236535
1173.7718948034644,62.67371490857422
1175.3949661380059,62.68821925211606
1177.0202818273247,62.7027436520116
1178.647844974871,62.71728813599432
1180.2776586883945,62.731896753753574
1181.9097260799374,62.74674024844966
1183.544050265845,62.76102472353698
1185.1806343667772,62.775017916421234
1186.8194815077002,62.78903045884891
1188.4605948179096,62.80306237757622
1190.103977431024,62.81711369939637
1191.7496324849947,62.83119679944268
1193.3975631221167,62.84530932963261
1195.0477724890222,62.85958834911414
1196.7002637367027,62.87406473267102
1198.3550400205015,62.88856113391897
1200.0121045001263,62.903077580538096
1201.6714603396574,62.91761410024682
1203.3331107075428,62.93217072080182
1204.9970587766202,62.94674746999823
1206.663307724109,62.960989984147375
1208.3318607316232,62.974580878921834
1210.0027209851803,62.98822038984879
1211.6758916751949,63.0018235413458
1213.3513759965022,63.015363913335065
1215.0291771483498,63.02892300871492
1216.7092983344098,63.042500853375714
1218.3917427627885,63.05609655504076
1220.0765136460197,63.06971077858125
1221.763614201089,63.08371695597451
1223.4530476494242,63.097742500865934
1225.1448172169087,63.11178744003658
1226.838926133891,63.12585729237969
1228.5353776351776,63.13994951763794
1230.2341749600573,63.15406122937985
1231.9353213522927,63.16817522376343
1233.6388200601323,63.18230568062825
1235.3446743363204,63.19645567684273
1237.0528874380914,63.21062523942554
1238.7634626271915,63.22481439543275
1240.4764031698728,63.23902317195776
1242.1917123369042,63.25280735461929
1243.9093934035816,63.266063570287855
1245.6294496497214,63.279125990255984
1247.3518843596844,63.29220647271097
1249.0767008223675,63.3053050426293
1250.8039023312158,63.31855543854335
1252.5334921842334,63.331977942097154
1254.2654736839759,63.34541900605512
1255.9998501375746,63.35910449463346
1257.7366248567284,63.373085712918254
1259.4758011577164,63.38708626418819
1261.2173823614075,63.40110617517661
1262.9613717932543,63.41512438693714
1264.7077727833168,63.42915503849984
1266.4565886662542,63.443043312955325
1268.207822781337,63.456914224051154
1269.9614784724586,63.47079171984937
1271.7175590881268,63.48468840520708
1273.4760679814888,63.4986043066593
1275.2370085103237,63.512539450777695
1277.0003840370532,63.526493864170675
1278.766197928754,63.54046757348351
1280.5344535571496,63.55429639989523
1282.3051542986345,63.567019659313296
1284.0783035342677,63.57897227865523
1285.8539046497824,63.59043279537257
1287.6319610356,63.601909159492834
1289.4124760868194,63.61340139292953
1291.195453203245,63.6249095176265
1292.9808957893763,63.636433555557865
1294.7688072544202,63.648694645522205
1296.559191012302,63.66110626895956
1298.3520504816645,63.673535054973655
1300.1473890858779,63.6859571177767
1301.9452102530468,63.69839219415294
1303.7455174160148,63.71199283225729
1305.5483140123763,63.725648372816934
1307.353603484475,63.73931047889488
1309.1613892794157,63.752984674845614
1310.9716748490707,63.76667777923633
1312.7844636500836,63.78038981821335
1314.5997591438813,63.794120817959055
1316.4175647966742,63.808592628686554
1318.237884079466,63.82328202589406
1320.0607204680607,63.83770793233697
1321.8860774430668,63.850845688982446
1323.7139584899103,63.86400161228904
1325.5443670988323,63.87717572737725
1327.3773067649015,63.890368059402384
1329.2127809880196,63.90357863355448
1331.050793272927,63.91680747505845
1332.8913471292137,63.93009301468797
1334.734446071319,63.9435188510364
1336.5800936185435,63.95696325239752
1338.4282932950537,63.97043281115146
1340.2790486298882,63.98386716772505
1342.1323631569696,63.9970146078721
1343.988240415103,64.01018022807041
1345.8466839479884,64.02337762273923
1347.7076973042258,64.03690898615442
1349.5712840373205,64.05045906050324
1351.4374477056963,64.06402787165894
1353.3061918726928,64.07761544553036
1355.1775201065789,64.09122180806231
1357.051435980557,64.1048561915634
1358.9279430727693,64.11851861847067
1360.8070449663103,64.13126223449473
1362.6887452492244,64.14361933921693
1364.573047514518,64.15599353112832
1366.4599553601713,64.16838483385679
1368.3494723891297,64.18079327106287
1370.2416022093305,64.19321886643984
1372.1363484336946,64.2056616437137
1374.033714680139,64.21844629198816
1375.9337045715884,64.2314326218168
1377.8363217359679,64.24445343481834
1379.7415698062293,64.25746785902973
1381.6494524203417,64.26986564987052
1383.559973221305,64.28218702922764
1385.4731358571626,64.2945254463736
1387.3889439809918,64.3067988149767
1389.3074012509317,64.31898361341023
1391.2285113301741,64.33118526077084
1393.1522778869758,64.34340378035691
1395.078704594672,64.35563919549908
1397.0077951316678,64.36788007994366
1398.9395531814635,64.38013025286246
1400.8739824326485,64.39221862344746
1402.811086578912,64.40416547830793
1404.7508693190564,64.41612885307126
1406.6933343569892,64.42810877058085
1408.6384854017492,64.44010525371175
1410.5863261674986,64.4521183253706
1412.5368603735353,64.46414800849573
1414.4900917443056,64.47620006232358
1416.4460240093965,64.48841309381984
1418.404660903562,64.50058609495854
1420.3660061667142,64.51278682175187
1422.3300635439377,64.52505196548296
1424.2968367855005,64.53733406924121
1426.266329646847,64.54963315647865
1428.2385458886242,64.5619492506797
1430.213489276674,64.57454786576447
1432.191163582045,64.58713511863331
1434.1715725810066,64.59973977693623
1436.1547200550394,64.6123618647411
1438.140609790864,64.62493813627081
1440.12924558043,64.6375007648827
1442.120631220932,64.6500253493625
1444.1147705148198,64.66255544550155
1446.111667269792,64.67509604968662
1448.1113252988216,64.68765399480074
1450.1137484201492,64.70022166690063
1452.1189404572947,64.71267972220993
1454.1269052390712,64.72515500430117
1456.1376465995756,64.73764753699521
1458.151168378217,64.74990871826823
1460.167474419708,64.76183244061627
1462.186568574077,64.77374054675182
1464.2084546966826,64.7856425630192
1466.2331366482038,64.79756103718735
1468.2606182946683,64.80949599201404
1470.2909035074447,64.82144745028842
1472.3239961632537,64.83353287281383
1474.359900144183,64.8460218250253
1476.3986193376786,64.8584300454854
1478.4401576365713,64.87081050999949
1480.4845189390699,64.88313664576249
1482.5317071487727,64.8954618312701
1484.5817261746827,64.9078468554512
1486.6345799311969,64.92026112487794
1488.690272338136,64.93267503867119
1490.748807320735,64.94510611820829
1492.8101888096564,64.95755438722563
1494.874420741004,64.97001986949262
1496.9415070563143,64.98250258881136
1499.0114517025838,64.995002569017
1501.0842586322615,65.00758299496997
1503.1599318032615,65.02048772724847
1505.2384751789768,65.03343100924526
1507.3198927282706,65.04636942843966
1509.4041884255048,65.0593257386548
1511.4913662505303,65.07229996463008
1513.5814301887017,65.08529213113908
1515.674384230891,65.09830226298968
1517.7702323734773,65.1106640452206
1519.868978618377,65.12265091563737
1521.9706269730336,65.1346543612898
1524.0751814504329,65.14662703594603
1526.182646069115,65.15837934902436
1528.2930248531666,65.16895270751832
1530.4063218322494,65.17954068666828
1532.5225410415912,65.19043563264492
1534.6416865219996,65.2017317667858
1536.763762319876,65.21304352102426
1538.8887724872059,65.22437091695946
1541.016721081589,65.2357139762205
1543.1476121662295,65.24707272046635
1545.2814498099501,65.25842368367994
1547.4182380872062,65.26971763529184
1549.5579810780762,65.28172617684896
1551.7006828682913,65.29395015497002
1553.846347549226,65.30616038184489
1555.9949792179127,65.31838749280885
1558.146581977055,65.33063151120895
1560.3011599350184,65.34289246042442
1562.458717205861,65.35516520937469
1564.6192579093233,65.3672704273359
1566.7827861708424,65.37939238418166
1568.9493061215662,65.39145531383711
1571.118821898344,65.40347012848402
1573.2913376437568,65.41438550834314
1575.4668575061073,65.42529682897026
1577.6453856394346,65.4361530427782
1579.826926203528,65.44715420710367
1582.0114833639182,65.4581975599708
1584.1990612919064,65.46925618339397
1586.3896641645565,65.48033009848902
1588.583296164707,65.49141932640097
1590.7799614809862,65.50245653232511
1592.9796643078091,65.51345318163129
1595.1824088453925,65.52498825133756
1597.388199299761,65.53702361797927
1599.5970398827537,65.54907562691638
1601.8089348120386,65.56114404791069
1604.023888311111,65.57322910041493
1606.2419046093078,65.58533086391934
1608.4629879418142,65.59744936153155
1610.6871425496702,65.6097250450718
1612.9143726797854,65.62219323670266
1615.1446825849366,65.6345470993749
1617.3780765237832,65.64691804475326
1619.6145587608733,65.65930609645947
1621.8541335666498,65.67171127814782
1624.096805217467,65.6841336135054
1626.3425779955858,65.69658475852772
1628.5914561891914,65.70904913252059
1630.8434440923984,65.72153074203275
1633.098546005257,65.7340296108972
1635.3567662337693,65.74654576297979
1637.618109089886,65.7589399575639
1639.8825788915221,65.77127505903907
1642.1501799625635,65.78357811312372
1644.4209166328733,65.79587722009768
1646.6947932383068,65.8081933340626
1648.9718141207102,65.8205264785354
1651.2519836279346,65.83267813750187
1653.535306113844,65.84468332439171
1655.8217859383203,65.85670511184487
1658.1114274672798,65.86874352281639
1660.4042350726709,65.88073939763365
1662.7002131324887,65.89256791701439
1664.9993660307825,65.90441279266575
1667.301698157662,65.91627404720487
1669.6072139093123,65.92815170328018
1671.9159176879928,65.94004578357146
1674.2278139020516,65.95195631078985
1676.542906965933,65.96380855170634
1678.8612013001832,65.9756384517971
1681.182701331467,65.98748471006769
1683.5074114925642,65.9993473491379
1685.835336222385,66.0110431377724
1688.1664799659839,66.02268910789226
1690.5008471745507,66.03430602233514
1692.8384423054415,66.04593084800196
1695.1792698221693,66.0575606053885
1697.5233341944192,66.06920644420101
1699.870639898064,66.08086838667664
1702.2211914151533,66.09254165730975
1704.5749932339465,66.10423078973402
1706.9320498489028,66.11593608568703
1709.2923657606955,66.12747764806585
1711.655945476229,66.13847059521956
1714.022793508627,66.14947874322914
1716.3929143772668,66.16050211311408
1718.7663126077673,66.17154072592291
1721.1429927320057,66.18259460273329
1723.5229592881328,66.19366376465203
1725.9062168205623,66.20475872188396
1728.2927698800045,66.21603711170128
1730.6826230234547,66.22733109707964
1733.0757808142096,66.23864069958425
1735.4722478218837,66.24977317217144
1737.8720286223975,66.26088565602947
1740.2751277980108,66.27315106993568
1742.6815499373135,66.2854975184097
1745.0912996352401,66.29813125268139
1747.5043814930862,66.31084263974033
1749.920800118497,66.32357160388395
1752.3405601255022,66.3360611876185
1754.7636661345043,66.34855933395662
1757.1901227722947,66.36107476251382
1759.6199346720698,66.37352340713669
1762.0531064734207,66.38531487738516
1764.4896428223656,66.39601135202162
1766.929548371341,66.40623028144903
1769.3728277792159,66.41646334143408
1771.8194857113092,66.4267105515163
1774.2695268393782,66.43697193126212
1776.7229558416527,66.44717106132926
1779.1797774028241,66.45763658150938
1781.6399962140624,66.4685117045132
1784.1036169730312,66.47940186544771
1786.570644383877,66.49010829481408
1789.0410831572642,66.50085729267383
1791.514938010364,66.5139603029902
1793.9922136668697,66.52708143192103
1796.4729148570145,66.54010588898987
1798.9570463175592,66.55272812877001
1801.4446127918275,66.56524808563228
1803.9356190296946,66.57769879012191
1806.430069787604,66.5901667112289
1808.9279698285834,66.60265187276006
1811.4293239222343,66.6150516687271
1813.9341368447658,66.62736565058171
1816.4424133789846,66.6384690017156
1818.9541583143105,66.6485614207814
1821.469376446794,66.65866779546853
1823.988072579104,66.66878814507457
1826.510251520564,66.67891227962349
1829.0359180871396,66.68904356356092
1831.5650771014564,66.6991888568613
1834.0977333928158,66.70947674223434
1836.633891797184,66.71979936783455
1839.173557157228,66.72995158468648
1841.7167343223027,66.74043689892929
1844.263428148469,66.75175088961768
1846.8136434985108,66.76308052509539
1849.367385241922,66.7744258269957
1851.9246582549436,66.78524815603038
1854.485467420552,66.79584072327326
1857.0498176284752,66.80644793773365
1859.6177137752109,66.81706981966549
1862.1891607640139,66.82770638935065
1864.7641635049324,66.83823760857541
1867.3427269147965,66.84870103266167
1869.9248559172356,66.85924502366372
1872.5105554426943,66.8698979058872
1875.0998304284224,66.88055518328643
1877.6926858185095,66.89096910880065
1880.2891265638748,66.9013974345097
1882.889157622283,66.91184018032592
1885.4927839583625,66.92229736618921
1888.1000105435924,66.93276620493833
1890.710842356341,66.94321561826236
1893.3252843818516,66.9535389032322
1895.9433416122617,66.96384526790156
1898.56501904662,66.97411042664544
1901.1903216908731,66.98432325279272
1903.8192545579043,66.99446988907201
1906.4518226675202,67.00462620725416
1909.0880310464693,67.01444067617413
1911.7278847284583,67.02426871637081
1914.371388754141,67.03411034661029
1917.018548171155,67.04396558568467
1919.6693680341098,67.0537142110891
1922.3238534046043,67.06342291447432
1924.9820093512442,67.07314504288549
1927.6438409496309,67.08233510751174
1930.3093532823968,67.09146818810005
1932.978551439196,67.10061389775314
1935.6514405167197,67.10977225393425
1938.3280256187145,67.11894327413081
1941.0083118559708,67.12812697585437
1943.6923043463598,67.13732337664074
1946.380008214822,67.14669461228883
1949.0714285933846,67.15607207188002
1951.7665706211785,67.16518950146809
1954.4654394444278,67.17417584327183
1957.1680402164864,67.18317461123253
1959.874378097826,67.19218582253284
1962.584458256054,67.2012094943792
1965.2982858659302,67.21017097212535
1968.015866109363,67.21903651707227
1970.737204175429,67.22791432114035
1973.46230526038,67.23680440128126
1976.1911745676505,67.24539969179123
1978.9238173078772,67.25378611252967
1981.6602386988952,67.26324888057542
1984.4004439657572,67.27268155708397
1987.1444383407406,67.2818465213494
1989.8922270633564,67.29102415876778
1992.6438153803663,67.30021448686335
1995.399208545781,67.30941752318459
1998.1584118208789,67.31863328530417
2000.9214304742134,67.3277133429947
2003.6882697816206,67.33641582178014
2006.458935026239,67.34494568134019
2009.2334314985055,67.35242403282552
2012.0117644961754,67.35858238392476
2014.793939324329,67.36474925068464
2017.5799612953801,67.37092464488046
2020.3698357290957,67.37710857830385
2023.1635679525918,67.38330106276267
2025.9611633003528,67.38963725177705
2028.7626271142396,67.39601505109806
2031.567964743498,67.40212327738865
2034.3771815447762,67.4077700887079
2037.1902828821242,67.41347078106119
2040.00727412701,67.42023597213489
2042.828160658331,67.42701051799699
2045.6529478624184,67.43337106335218
2048.4816411330594,67.439465224331
2051.3142458714924,67.44556781220948
2054.150767486427,67.4516788386402
2056.9912113940522,67.45779831529187
2059.835583018043,67.46392625384925
2062.6838877895825,67.46940602553357
2065.5361311473557,67.4747633598736
2068.3923185375716,67.48023091444351
2071.252455413969,67.48570602945266
2074.116547237827,67.49118871535549
2076.984599477982,67.4966789826209
2079.856617610827,67.5021768417323
2082.732607120329,67.5076823031875
2085.612573498038,67.51322996569675
2088.496522243097,67.51892188743437
2091.3844588622574,67.52426738530227
2094.276388869881,67.52894231564956
2097.1723177879553,67.533620892447
2100.072251146104,67.53830593869895
2102.9761944815946,67.54299746335128
2105.884153339359,67.54769497735987
2108.7961332719888,67.55205032743467
2111.7121398397567,67.5564117000117
2114.6321786106228,67.5607791034188
2117.556255160246,67.56515254599525
2120.484375072001,67.56948677023233
2123.4165439369754,67.5734411596977
2126.3527673539916,67.57726718845709
2129.2930509296116,67.58062181766383
2132.237400278156,67.58385993903168
2135.1858210217033,67.58710253801736
2138.138318790107,67.59034962081243
2141.094899221006,67.59328932183864
2144.0555679598333,67.59570207212752
2147.0203306598337,67.5981181587255
2149.9891929820633,67.60085317767033
2152.9621605954085,67.60377249964378
2155.939239176594,67.6064134471282
2158.920434410193,67.60903485003712
2161.905751988645,67.61160787146564
2164.895197612254,67.61418445082339
2167.8887769892094,67.61676459303018
2170.886495835593,67.6193483030127
2173.8883598753887,67.62193558570438
2176.894374840503,67.62452644604551
2179.90454647076,67.62712088898319
2182.9188805139247,67.62919562804575
2185.9373827257086,67.63108364254087
2188.9600588697804,67.63287692259642
2191.9869147177856,67.63458431724783
2195.017956049344,67.6357675601304
2198.0531886520694,67.63695243918066
2201.092618321578,67.63786705517725
2204.136250861499,67.63829779588441
2207.1840920834925,67.6387291322123
2210.2361478072485,67.63916106498458
2213.2924238605074,67.63959359502596
2216.352926079066,67.64032581332312
2219.4176603067913,67.64083497849694
2222.4866323956353,67.64070906897395
2225.559848205637,67.63990534030177
2228.6373136049397,67.63910050024757
2231.7190344698015,67.63829454727458
2234.8050166846037,67.63748747984384
2237.8952661418716,67.63626840252502
2240.9897887422712,67.63464167593041
2244.088590394631,67.63237036680117
2247.1916770159487,67.63009591694524
2250.2990545314033,67.6276431352576
2253.4107288743726,67.6251249731408
2256.5267059864323,67.62356041455418
2259.646991817377,67.6224292365093
2262.771592325228,67.62143902254783
2265.900513476243,67.62044743933573
2269.033761244937,67.61945448497964
2272.171341614079,67.61805540141219
2275.3132605747137,67.61647401920058
2278.4595241261695,67.6148904502812
2281.610138276069,67.61302716231724
2284.7651090403483,67.61066867041652
2287.9244424432554,67.60795674964214
2291.088144517372,67.60439335867096
2294.256221303619,67.60082504030481
2297.4286788512713,67.59725178773017
2300.6055232179733,67.59351945314293
2303.78676046974,67.58916191437709
2306.972396680976,67.58494580083838
2310.162437934486,67.58072385733131
2313.3568903214837,67.57649607579428
2316.5557599416125,67.5720706341978
2319.759052902942,67.56760203555609
2322.966775321993,67.5641849317256
2326.1789333237407,67.56084912070662
2329.3955330416306,67.55700208528128
2332.6165806175945,67.55265096893396
2335.842082202051,67.54817922941895
2339.0720439539255,67.54370130646039
2342.3064720406596,67.53921719150796
2345.5453726382216,67.53472687599945
2348.7887519311253,67.5301477604607
2352.036616112431,67.52557987371098
2355.288971383764,67.52057038286206
2358.545823955323,67.51483113452768
2361.8071800459015,67.50866340608664
2365.0730458828843,67.50214828371915
2368.3434277022707,67.49562415235393
2371.618331748682,67.48909099953347
2374.897764275373,67.48235095011725
2378.181731544252,67.47546611676216
2381.470239825879,67.46857176317944
2384.7632953994876,67.46152736524701
2388.060904552994,67.45446320905248
2391.363073583006,67.44735523865465
2394.6698087948475,67.44023743947913
2397.981116502552,67.43325167663012
2401.297003028887,67.42621125249168
2404.6174747053637,67.41874880391421
2407.9425378722453,67.4112760363928
2411.2721988785693,67.40379293565861
2414.6064640821455,67.39629948742305
2417.9453398495784,67.38875308548414
2421.288832556275,67.38115370280075
2424.6369485864557,67.37355361279863
2427.9896943331773,67.3659430135244
2431.347076198328,67.35804336981319
2434.7091005926522,67.34971657831605
2438.0757739357587,67.34137827267665
2441.447102656129,67.33302843697341
2444.8230931911444,67.32466705526278
2448.2037519870773,67.31562218031165
2451.589085499118,67.30655860893336
2454.9791001913827,67.2975148008484
2458.3738025369234,67.28845477878463
2461.77319901775,67.27935221799505
2465.177296124829,67.27023707034293
2468.586100358104,67.26110931842338
2471.9996182265077,67.25207622214415
2475.4178562479697,67.24286128083503
2478.8408209494405,67.23363359726555
2482.268518866889,67.22439315381591
2485.7009565453227,67.215139932842
2489.1381405388015,67.20593548219165
2492.5800774104446,67.1967617572312
2496.0267737324534,67.18727779960447
2499.478236086112,67.17757198291949
2502.934471061804,67.1673872311039
2506.3954852590296,67.15710551075749
2509.8612852864094,67.14680957302726
2513.331877761712,67.13649939825362
2516.807269311848,67.12617496674987
2520.2874665728946,67.11604355686406
2523.772476190105,67.10624573856713
2527.2623048179194,67.096555360598
2530.756959119986,67.08684447934763
2534.256445769161,67.07709444294998
2537.7607714475303,67.06733092437182
2541.2699428464184,67.05735898858612
2544.7839666664013,67.0469349358843
2548.302849617327,67.03608407377486
2551.826598418315,67.02521820728226
2555.355219797778,67.0143373156587
2558.888720493432,67.0034413781277
2562.427107252309,66.9926092843343
2565.970386830776,66.98179839214495
2569.5185659945373,66.97097255084215
2573.0716515186537,66.95997883224825
2576.629650187555,66.94896766264426
2580.192568795049,66.93791237324258
2583.7604141443467,66.92633539758151
2587.3331930480585,66.91474241348011
2590.910912328217,66.90313339880218
2594.4935788162893,66.89150833138095
2598.0811993531856,66.88017100456129
2601.6737807892832,66.86895701235466
2605.271329984425,66.85771621091452
2608.8738538079415,66.84643915611161
2612.481359138662,66.8351465075937
2616.093852864925,66.82383824379811
2619.711341884603,66.81251434313225
2623.3338331050977,66.80055087272258
2626.961333443365,66.78839585423749
2630.593849825924,66.77622402800453
2634.231389188878,66.76403537078222
2637.8739584779137,66.75183524745599
2641.521564648326,66.73961973048854
2645.174214665027,66.7263431725561
2648.8319155025565,66.71289788234473
2652.4946741451063,66.69916959672997
2656.1624975865193,66.68529289695337
2659.835392830311,66.67139700871797
2663.5133668896806,66.65748190549036
2667.196426787524,66.64354756070031
2670.8845795564557,66.62959394774096
2674.5778322388055,66.61565089131682
2678.276191886646,66.60183482773594
2681.979665561799,66.58863416773585
2685.68826033585,66.57596852068441
2689.401983290171,66.5632853597968
2693.1208415159176,66.55059902647879
2696.8448421140542,66.53789790727213
2700.5739921953627,66.52517922517903
2704.308298880457,66.51229033178343
2708.0477692998043,66.49938086571622
2711.792410593723,66.48645354866417
2715.5422299124093,66.47350543751318
2719.297234415945,66.46044377239294
2723.0574312743106,66.44608593255792
2726.8228276674104,66.4316694960114
2730.5934307850666,66.41724795501541
2734.3692478270477,66.40281064559848
2738.150286003078,66.38835337252152
2741.9365525328467,66.37387610817912
2745.728054646037,66.35937882492772
2749.5247995823192,66.3448614950855
2753.3267945913776,66.33039009096203
2757.134046932922,66.31569568253877
2760.946563876697,66.30137491475102
2764.764352702508,66.28760689802937
2768.58742070022,66.27381984313394
2772.415775169779,66.2600137237391
2776.2494234212268,66.24618851348282
2780.0883727747096,66.23234418596655
2783.9326305605045,66.21855493918268
2787.782204119017,66.2048689977785
2791.637100800805,66.1911641316929
2795.49732796659,66.17771715015249
2799.36289298727,66.16414276216278
2803.2338032439434,66.14948987736425
2807.110066127907,66.13482390658173
2810.99168904068,66.12020321998276
2814.878679394017,66.10586510269114
2818.771044609919,66.09150715890064
2822.6687921206576,66.0771293611955
2826.5719293687735,66.0627316821221
2830.4804638071014,66.04831409418881
2834.394402898783,66.03413897001593
2838.313754117275,66.02017393381401
2842.2385249463778,66.00637778206834
2846.1687228802325,65.99256678755144
2850.1043554233443,65.9787424923756
2854.0454300905967,65.96511220294325
2857.991954407261,65.95146306578404
2861.943935909023,65.93779505483568
2865.9013821419812,65.92410814399979
2869.86430066267,65.91028148861065
2873.8326990380738,65.89645188677679
2877.806584845637,65.88316838201973
2881.7859656732917,65.86986650906361
2885.770849119453,65.85654624250922
2889.7612427930453,65.84320755692224
2893.757154313516,65.82985042683312
2897.7585913108437,65.81648548892251
2901.765561425568,65.80321157031057
2905.778072308785,65.79004844574948
2909.7961316221717,65.776867119449
2913.8197470379987,65.76366756624009
2917.8489262391527,65.75080433570137
2921.883676919137,65.73812929704013
2925.924006782095,65.72524969359597
2929.9699235428243,65.71203975101106
2934.0214349267862,65.69881154194763
2938.0785486701343,65.68556504114707
2942.141272519711,65.67230022331589
2946.209614233074,65.65901706312563
2950.283581578506,65.64571902964678
2954.363182335031,65.63248389299288
2958.4484242924377,65.6194770485624
2962.5393152512775,65.60682664929577
2966.635863022891,65.59415875727736
2970.738075429421,65.58147334831845
2974.845960303822,65.568770398197
2978.95952548989,65.5560498826573
2983.0787788422585,65.54331177741027
2987.203728226425,65.53108209865314
2991.3343815187623,65.51885010574651
2995.470746606533,65.50660119865314
2999.6128313879135,65.49433535398434
3003.760643771994,65.4823294716116
3007.9141916788044,65.47038135093129
3012.073483039325,65.45725946909796
3016.2385257955,65.44397493361521
3020.4093279002664,65.43063666080789
3024.5858973175473,65.41727994406921
3028.7682420222823,65.40390475789525
3032.956370000438,65.39051107674678
3037.150289249021,65.37709887504927
3041.3500077761064,65.36369837721081
3045.555533600831,65.35037000611024
3049.7668747534262,65.33707185163311
3053.984039275225,65.32431895622094
3058.2070352186784,65.31218371416041
3062.4358706473804,65.30003169169849
3066.6705536360673,65.28786286563154
3070.9110922706423,65.27573699366354
3075.157494648191,65.26382030487446
3079.409768876992,65.25189931635235
3083.667923076545,65.23996184369491
3087.931965377568,65.22800786410819
3092.2019039220254,65.21594548502125
3096.47774686314,65.20384776638221
3100.759502365405,65.19068901301593
3105.0471786046137,65.17736993672636
3109.3407837678546,65.1640478568316
3113.6403260535412,65.15125054892403
3117.9458136714225,65.13853404650196
3122.2572548425974,65.1257999599218
3126.5746577995415,65.1130482648685
3130.8980307861057,65.10027893699335
3135.2273820575433,65.08741891498676
3139.562719880522,65.07444138684582
3143.9040525331375,65.06144651388973
3148.251388304943,65.04843367184964
3152.6047354969432,65.03553745674844
3156.9641024216257,65.02271390766963
3161.3294974029723,65.00987262641047
3165.700928776471,64.99701358845124
3170.0784048891464,64.98454851190418
3174.461934099555,64.97219131043721
3178.851524777816,64.95981702164724
3183.2471853056204,64.9473053395055
3187.6489240762476,64.93460247666917
3192.0567494945926,64.92092700023203
3196.4706699771627,64.90723261358426
3200.8906939521057,64.89338850982006
3205.316829859226,64.87992379148898
3209.7490861499923,64.8664404543799
3214.187471287572,64.85293847274706
3218.631993746824,64.83941782080916
3223.08266201433,64.82587847274924
3227.539484588403,64.8122594104517
3232.0024699791184,64.79887809565223
3236.471626708307,64.78669577529224
3240.9469633095896,64.77502860203039
3245.4284883283854,64.76334529560455
3249.9162103219264,64.75164583370605
3254.410137859288,64.74056911271775
3258.9102795213857,64.72948923084783
3263.4166439010023,64.71825276794992
3267.929239602803,64.70628847026904
3272.448075243349,64.69430780870212
3276.973159451125,64.6823163904061
3281.504500866538,64.6703083905857
3286.0421081419454,64.65828378631228
3290.5859899416696,64.64624255462547
3295.13615494201,64.63418467253321
3299.692611831273,64.62296128990133
3304.255369309771,64.61240843293831
3308.824436089849,64.60188830918145
3313.3998208958983,64.59135363838068
3317.9815324643723,64.5808044004206
3322.5695795438146,64.57029932054982
3327.163970894856,64.55982233162152
3331.7647152902455,64.54802322992396
3336.371821514861,64.53588324427332
3340.9852983657265,64.52372647166196
3345.60515465204,64.51155288887713
3350.2313991951696,64.49940708817437
3354.8640408286865,64.4880930233278
3359.503088398375,64.47676331358942
3364.1485507622488,64.46562160589032
3368.800436790581,64.45465532488305
3373.4587553658994,64.44389576219201
3378.123515383017,64.43340793243213
3382.7947257490487,64.42381022819347
3387.4723953834205,64.41419925241657
3392.156533217903,64.40457498674972
3396.847148196607,64.39487921919778
3401.5442492760158,64.38538949790532
3406.2478454249954,64.37654546971771
3410.9579456248116,64.36768921216195
3415.67455886916,64.35882070832747
3420.3976941641617,64.350215553408
3425.127360528394,64.34172888951267
3429.8635669929063,64.33234221060732
3434.606322601232,64.32303020327862
3439.3556364094197,64.31370531946835
3444.1115174860306,64.30436754137114
3448.873974912169,64.29501685115702
3453.6430177814973,64.28631716185441
3458.418655200247,64.27781094179824
3463.2008962872537,64.2692929594891
3467.989750173951,64.26104990161551
3472.785226004404,64.25317582116193
3477.587332935321,64.24529085256704
3482.3960801360677,64.23739498077488
3487.2114767887015,64.22948819070872
3492.033532087965,64.22157046727096
3496.862255241319,64.21364179534312
3501.6976554689554,64.20606899985317
3506.5397420038134,64.1991548400556
3511.388524091609,64.19223111947828
3516.244010990832,64.1852978249007
3521.10621197278,64.17877236759969
3525.975136321569,64.17235681912382
3530.8507933341502,64.16602568382643
3535.733192320341,64.15969109293067
3540.6223426028214,64.15335156985348
3545.518253517166,64.14700328059419
3550.42093441186,64.14072397329731
3555.3303946483093,64.135265052155
3560.2466436008776,64.12979858251163
3565.1696906568795,64.1243245539292
3570.0995452166144,64.11915041245116
3575.036216693379,64.1145684596898
3579.979714513485,64.10998017108398
3584.9300481162877,64.10538553787256
3589.8872269541844,64.10078455128236
3594.8512604926477,64.09617720252804
3599.822158210234,64.09156348281209
3604.7999295986183,64.08778104262488
3609.784584162589,64.08388403958736
3614.7761314200816,64.0799816478419
3619.7745809021926,64.07607385993711
3624.779942153194,64.07264895747453
3629.7922247305673,64.06928748551634
3634.811438204998,64.06707796109563
3639.83759216041,64.0649153964257
3644.8706961939797,64.06275644216399
3649.9107599161503,64.0605948081261
3654.9577929506654,64.05912281348247
3660.011804934565,64.05766126791575
3665.072805518219,64.05619770134926
3670.140804365341,64.05473211098844
3675.2158111530043,64.05350888838201
3680.2978355716746,64.05313882560759
3685.386887325206,64.05218554471847
3690.482976130875,64.05085155681556
3695.5861117193945,64.04951572429738
3700.696303834929,64.04822630195054
3705.8135622351297,64.04724142413967
3710.937896691127,64.04625518445694
3716.0693169875685,64.04526758101913
3721.207832922631,64.0442786119405
3726.3534543080355,64.04328827533264
3731.506190969083,64.04280076512956
3736.6660527446493,64.04232447008312
3741.833049487218,64.04184751642417
3747.0071910628976,64.04136990324203
3752.188487351435,64.04078197600091
3757.37694824625,64.03990082660519
3762.5725836544316,64.03901845877142
3767.7754034967725,64.03813487081479
3772.9854177077827,64.03725006104811
3778.2026362357055,64.0363640277819
3783.4270690425537,64.03574436235358
3788.6587261041022,64.03549768983007
3793.8976174099244,64.03692496828673
3799.143752963407,64.03867623366108
3804.3971427817664,64.04042992065467
3809.657796896081,64.04218603261613
3814.925725351289,64.04394457289861
3820.2009382062224,64.04573090412275
3825.483445533622,64.0481609861895
3830.773257420154,64.05059442853141
3836.070383966443,64.05306758505861
3841.3748352870684,64.05598456838611
3846.686621510602,64.05890279865407
3852.005752779619,64.06180626728319
3857.332239250716,64.06471375077817
3862.6660910945475,64.06762525469067
3868.007318495818,64.0711889662726
3873.3559316533197,64.07533814036535
3878.711940779948,64.07970977003511
3884.075356102716,64.08408744471825
3889.446187862791,64.0884711727737
3894.8244463154883,64.0931174669449
3900.210141730311,64.09792356486318
3905.6032843909593,64.10128421546946
3911.003884595352,64.10408879470391
3916.411952655658,64.10689725206167
3921.8274988982944,64.10970959290538
3927.250533663962,64.11252582260501
3932.6810673076598,64.11534594653801
3938.1191101987015,64.1181699700893
3943.564672720752,64.12129988253001
3949.0177652718216,64.1250566442709
3954.478398264304,64.129640958737
3959.9465821249896,64.13478418123958
3965.4223272950835,64.14072119828298
3970.9056442302413,64.14666642493016
3976.396543400563,64.1526198725332
3981.8950352906318,64.15855469511044
3987.4011303995244,64.1643431798272
3992.9148392408474,64.17013966875982
3998.4361723427332,64.17594417297637
4003.9651402478767,64.18230277937094
4009.5017535135503,64.18913108195258
4015.0460227116223,64.19606183191831
4020.59795842859,64.2030021656044
4026.157571265579,64.21043677063915
4031.724871838376,64.21790856430324
4037.2998707774495,64.22539068983347
4042.882578727961,64.2328831615166
4048.4730063498064,64.24038599365907
4054.0711643176082,64.24789920058717
4059.6770633207543,64.25542279664698
4065.2907140634134,64.26426567400667
4070.912127264552,64.2734951197267
4076.5413136579705,64.28328502467262
4082.1782839923003,64.29375487696998
4087.8230490310384,64.30423920679678
4093.475619552567,64.31473803417227
4099.136006350167,64.3252513791434
4104.8042202320585,64.335865936132
4110.480272021391,64.34656737236621
4116.164172556289,64.35728360636008
4121.8559326898585,64.36853451305518
4127.555563290213,64.38127322080854
4133.263075240506,64.39405998709704
4138.978479438925,64.40574722872337
4144.701786798734,64.41750491478372
4150.4330082482875,64.42938228177832
4156.172154731046,64.44127607258913
4161.919237205616,64.45318630992676
4167.674266645745,64.46511301653317
4173.437254040358,64.47705621518175
4179.208210393576,64.48901592867745
4184.987146724733,64.50300064959471
4190.77407406841,64.51823989397154
4196.569003474437,64.53402664604829
4202.371946007926,64.55049719225568
4208.182912749291,64.56699051364751
4214.001914794261,64.58350664171692
4219.8289632539245,64.60004560800061
4225.664069254717,64.61660744407884
4231.5072439384685,64.63284404379034
4237.358498462411,64.64908183012382
4243.217843999204,64.66534206978541
4249.0852917369675,64.68231559095317
4254.960852879279,64.70043815495679
4260.844538645214,64.71998074439816
4266.7363602693595,64.73955839003547
4272.636329001834,64.75966051204223
4278.544456108328,64.77996384419875
4284.460752870092,64.80029525144937
4290.385230583984,64.82065477261588
4296.3179005624825,64.84104244657368
4302.258774133704,64.86145831225195
4308.207862641441,64.88231818448533
4314.165177445162,64.90300397287145
4320.130729920045,64.92339842772904
4326.104531456999,64.94380913104433
4332.086593462677,64.9642480579247
4338.076927359523,64.98471524739722
4344.075544585758,65.00521073854291
4350.082456595424,65.02573457049681
4356.097674858406,65.04639497484932
4362.12121086044,65.06729386986201
4368.153076103162,65.08824280664538
4374.193282104094,65.10958685507912
4380.241840396691,65.13072527953312
4386.298762530359,65.15187801144722
4392.364060070466,65.17305999299062
4398.4377445983855,65.1943151805661
4404.519827711496,65.21587085465987
4410.610321023214,65.23745633556437
4416.709236163016,65.25907166449596
4422.816584776454,65.28071688272794
4428.932378525197,65.30239203159074
4435.056629087028,65.32465845044075
4441.189348155881,65.34773879186714
4447.330547441854,65.37248384321352
4453.480238671254,65.3972659702625
4459.638433586587,65.42208236560518
4465.805143946602,65.44693307662715
4471.980381526307,65.47181815077953
4478.16415811699,65.49673763557907
4484.356485526254,65.5216915786082
4490.557375578019,65.5469085883457
4496.766840112557,65.57236412911274
4502.984890986513,65.59964975035352
4509.211540072924,65.62820164943383
4515.446799261258,65.65775880724043
4521.690680457408,65.6873568361701
4527.943195583737,65.71699579273873
4534.204356579094,65.74702557930854
4540.47417539883,65.77739853399443
4546.752664014844,65.80781348787315
4553.039834415575,65.83912727960738
4559.335698606042,65.87140090224688
4565.640268607868,65.90438772007028
4571.953556459292,65.93774631702433
4578.275574215213,65.97113296582747
4584.6063339471875,66.00463775924511
4590.945847743467,66.03818888250761
4597.29412770902,66.07178639967907
4603.6511859655475,66.10543037491212
4610.017034651526,66.13912087244822
4616.391685922205,66.17285795661759
4622.775151949644,66.20766941611528
4629.167444922737,66.24489917442527
4635.568577047224,66.28299736259412
4641.978560545739,66.32114823227411
4648.397407657805,66.35935185631229
4654.825130639871,66.39760830765643
4661.2617417653355,66.43591765935527
4667.707253324565,66.47427998455844
4674.161677624932,66.51280061141459
4680.625026990816,66.55158430823911
4687.097313763642,66.59231500880863
4693.578550301901,66.63310203108156
4700.068748981167,66.6747870223104
4706.567922194143,66.71677913006319
4713.0760823506525,66.75876358797689
4719.593241877686,66.80088226659413
4726.119413219414,66.84308853286706
4732.654608837213,66.88535316122994
4739.198841209706,66.9276762323849
4745.752122832753,66.97005782714558
4752.314466219502,67.01336703824224
4758.8858839004,67.05833329095225
4765.466388423219,67.10432769397035
4772.0559923530955,67.15167375636115
4778.654708272527,67.1995662134742
4785.262548781413,67.24824037757185
4791.879526497077,67.29698184745592
4798.505654054285,67.3457907161957
4805.140944105287,67.39466707698915
4811.7854093198175,67.44364345358827
4818.4390623851305,67.49275292020816
4825.101916006026,67.54394946708616
4831.773982904869,67.59583543027439
4838.455275821629,67.6487620028031
4845.145807513876,67.7019291081863
4851.8455907568305,67.75622323224158
4858.554638343375,67.810695808408
4865.272963084076,67.86592526558545
4872.000577807233,67.92191894604598
4878.737495358864,67.97961758460356
4885.483728602761,68.03739600783369
4892.2392904205,68.09525432606125
4899.004193711466,68.15319264976358
4905.778451392894,68.21162548208228
4912.562076399869,68.27063123107209
4919.355081685363,68.3308939951938
4926.15748022026,68.39245230000388
4932.96928499339,68.45409572656584
4939.790509011531,68.5158243925845
4946.62116529945,68.58050327788808
4953.461266899926,68.64536236843966
4960.310826873768,68.71037300197801
4967.16985829986,68.77549643033157
4974.038374275156,68.84070991022774
4980.916387914724,68.90665307181293
4987.803912351771,68.97282154399721
4994.700960737656,69.03994835979101
5001.60754624194,69.10788509026469
5008.52368205238,69.17805520197926
5015.4493813749705,69.24811881560629
5022.384657433971,69.31827931197807
5029.329523471923,69.38853682506233
5036.283992749689,69.45889148901217
5043.248078546458,69.52934343816607
5050.221794159785,69.59993814785535
5057.205152905613,69.67087107341655
5064.198168118292,69.74302733357388
5071.200853150627,69.81576260161697
5078.213221373871,69.88859844672203
5085.235286177772,69.96408636391725
5092.267060970592,70.04055063439358
5099.30855917913,70.11712063833144
5106.359794248766,70.19369663177702
5113.420779643457,70.26969467007574
5120.491528845782,70.3457407688631
5127.572055356965,70.42112763149407
5134.662372696894,70.49655801182251
5141.7624944041645,70.5718941407048
5148.872434036082,70.64733444307412
5155.992205168701,70.72527840613147
5163.121821396848,70.8037054652134
5170.261296334146,70.8822348236718
5177.410643613057,70.9608727711595
5184.569876884877,71.03961945783148
5191.739009819785,71.1184750340504
5198.918056106862,71.19625938404823
5206.107029454115,71.27342478008524
5213.30594358852,71.34879110402943
5220.514812256019,71.4236918196688
5227.733649221565,71.50039636610364
5234.962468269151,71.57720697824945
5242.201283201817,71.65412380277198
5249.450107841712,71.73114698654001
5256.708956030078,71.80827667662516
5263.977841627305,71.88492998311452
5271.256778512945,71.96062912760556
5278.5457805857395,72.03381047409711
5285.844861763667,72.10678958326903
5293.154035983931,72.17897129066014
5300.473317203015,72.25126183226836
5307.802719396701,72.32378301762238
5315.142256560092,72.39605006437442
5322.4919427076575,72.46767389339495
5329.8517918732305,72.53939676259893
5337.221818110056,72.61121880893735
5344.6020354908105,72.68314016955065
5351.992458107626,72.7521060444417
5359.393100072133,72.81996909229024
5366.803975515465,72.88535365119832
5374.225098588298,72.94905670346414
5381.656483460874,73.012167114281
5389.098144323028,73.0729883260525
5396.5500953842275,73.13389364033645
5404.012350873577,73.19488317342832
5411.484925039859,73.25595704178443
5418.967832151562,73.31711536202205
5426.461086496896,73.37536618363671
5433.964702383847,73.42982875448384
5441.478694140169,73.48213670308431
5449.003076113433,73.53192667607989
5456.537862671044,73.57561289148965
5464.083068200293,73.6184169860385
5471.638707108345,73.66128026934383
5479.204793822297,73.7015746231958
5486.78134278919,73.74090603670919
5494.368368476041,73.78029183701616
5501.965885369887,73.81973209932195
5509.57390797778,73.85474865102854
5517.19245082684,73.88881458085432
5524.821528464273,73.91111681963254
5532.461155457394,73.9269806661172
5540.11134639368,73.94187866159643
5547.7721158807635,73.95679725776434
5555.443478546478,73.97173648310722
5563.125449038888,73.98669636615074
5570.818042026305,74.00167693545998
5578.521272197342,74.01667821963959
5586.235154260906,74.02930148720316
5593.9597029462475,74.03763533963978
5601.694933002986,74.03923870354866
5609.44085920113,74.02096292764624
5617.197496331129,74.00266188031915
5624.964859203866,73.98433552662254
5632.742962650713,73.96598383156321
5640.531821523548,73.94740865872261
5648.331450694783,73.92733001911301
5656.141865057407,73.90722361511023
5663.963079524991,73.88708940832214
5671.795109031733,73.86260365201808
5679.637968532479,73.83751496908937
5687.491673002752,73.81037941922175
5695.356237438797,73.78320634678835
5703.231676857579,73.74408089207155
5711.118006296838,73.68938159206706
5719.0152408151025,73.63460665482316
5726.92339549172,73.57975597574999
5734.842485426907,73.524829450113
5742.772525741744,73.46982697303292
5750.713531578223,73.41302476679527
5758.665518099278,73.35386198674996
5766.628500488803,73.29318358680933
5774.602493951705,73.23147539712232
5782.587513713896,73.16968187842532
5790.583575022354,73.10780291272678
5798.5906931451345,73.04583838187214
5806.608883371404,72.9699305865403
5814.638161011484,72.89038085411693
5822.678541396854,72.81017973680099
5830.7300398801935,72.7298289516029
5838.792671835417,72.64703867459369
5846.8664526576895,72.56414908562041
5854.9513977634815,72.48127123155909
5863.047522590564,72.39827877544451
5871.154842598061,72.31525747834175
5879.273373266473,72.2323083692451
5887.4031300977,72.14924455956502
5895.544128615098,72.06606589069546
5903.696384363468,71.97974277656031
5911.859912909112,71.88964337034386
5920.034729839858,71.79881370900725
5928.220850765084,71.70736589175097
5936.418291315767,71.61488148524197
5944.627067144484,71.52191227701275
5952.847193925457,71.42881451258147
5961.078687354588,71.33558801418286
5969.321563149472,71.2422326038059
5977.57583704946,71.14874810319323
5985.841524815644,71.05513433384117
5994.118642230924,70.96195729613174
6002.407205100017,70.86861414316449
6010.70722924949,70.77500854023546
6019.018730527817,70.68160064769593
6027.341724805364,70.5890847812219
6035.67622797445,70.49644098541893
6044.02225594937,70.40366908338854
6052.379824666421,70.31096365614434
6060.748950083948,70.21820850048681
6069.129648182354,70.12532508461537
6077.521934964137,70.03231323117407
6085.92582645392,69.9406716752314
6094.341338698507,69.850279590039
6102.768487766866,69.76013909097529
6111.207289750196,69.66949696264713
6119.657760761944,69.5789809564002
6128.119916937833,69.48833978619626
6136.593774435918,69.39757327896065
6145.079349436576,69.30668126137957
6153.576658142566,69.21688990017323
6162.085716779052,69.12866386928587
6170.606541593626,69.04050460251025
6179.139148856368,68.95302770463663
6187.683554859834,68.86683485744577
6196.239775919118,68.78147837617313
6204.807828371874,68.69757408636025
6213.38772857834,68.61355377515667
6221.979492921397,68.53030932161539
6230.583137806559,68.45005636586052
6239.198679662032,68.37069067175153
6247.826134938742,68.29121523214289
6256.4655201103515,68.21162989528054
6265.116851673326,68.13193450920028
6273.78014614692,68.05382548327
6282.455420073238,67.9761307631931
6291.142690017258,67.89854987696081
6299.84197256686,67.82157362394665
6308.553284332877,67.74937107196426
6317.2766419490945,67.67715768285899
6326.012062072303,67.60484443833687
6334.759561382328,67.53243120031958
6343.519156582052,67.45991783053793
6352.290864397474,67.38730419053132
6361.0747015777015,67.31589421153939
6369.870684895008,67.2462796697797
6378.678831144861,67.176568866244
6387.499157145946,67.10676166782326
6396.331679740222,67.03685794122421
6405.176415792921,66.9698944784689
6414.033382192601,66.90499354422849
6422.90259585117,66.84055946171247
6431.78407370392,66.77657681373867
6440.677832709578,66.7125056916735
6449.583889850302,66.64834597317655
6458.502262131737,66.5862280635786
6467.432966583047,66.52425594441519
6476.376020256936,66.460156365742
6485.331440229705,66.39603678372139
6494.299243601251,66.33198350546715
6503.279447495122,66.26963791543035
6512.272069058546,66.21033292227577
6521.27712546245,66.15094592320952
6530.294633901531,66.09147680483518
6539.324611594239,66.0319254535996
6548.36707578284,65.97345022582525
6557.422043733445,65.917473534827
6566.48953273603,65.8644458614855
6575.569560104501,65.8133201445834
6584.662143176686,65.7621237319303
6593.767299314393,65.7108565257694
6602.885045903438,65.66096294544836
6612.015400353672,65.61412534704304
6621.158380099038,65.56756906765956
6630.314002597568,65.52098460642245
6639.482285331442,65.47433572900358
6648.663245807012,65.42993297347114
6657.85690155483,65.38567511528314
6667.063270129714,65.3425103120964
6676.282369110731,65.29928582137156
6685.514216101266,65.25638983014989
6694.758828729044,65.2135975743437
6704.016224646159,65.17250834001915
6713.286421529135,65.13366513031686
6722.569437078917,65.09476820890062
6731.865289020935,65.05581750149885
6741.173995105121,65.01801958315252
6750.495573105974,64.98185167754242
6759.830040822548,64.94620855061368
6769.177416078518,64.91054382428794
6778.537716722204,64.87482978139974
6787.910960626602,64.83906635375504
6797.297165689439,64.80325347306541
6806.696349833173,64.77027111241823
6816.108531005053,64.73851693337907
6825.5337271771405,64.70697200541002
6834.971956346345,64.67553098494827
6844.423236534482,64.6462542039383
6853.887585788267,64.61720177934815
6863.365022179374,64.58917371786336
6872.855563804472,64.56110689966326
6882.359228785241,64.53309071957867
6891.876035268443,64.50582451645892
6901.406001425911,64.47909536415872
6910.949145454616,64.45565480850263
6920.505485576687,64.4321818396544
6930.075040039444,64.40867641279368
6939.657827115463,64.38664669930525
6949.253865102563,64.36554228525384
6958.863172323875,64.34623896994819
6968.485767127863,64.32737015056414
6978.121667888358,64.30847523970523
6987.77089300462,64.28955420129265
6997.433460901329,64.27060699919765
7007.109390028649,64.25414655333502
7016.798698862257,64.23857179528255
7026.50140590337,64.22381835388431
7036.217529678812,64.20983010994559
7045.947088741001,64.19801688677639
7055.690101668018,64.18620038469868
7065.446587063632,64.17440182108797
7075.216563557333,64.16258694262899
7085.000049804389,64.15075572676182
7094.797064485845,64.13924420420678
7104.607626308585,64.13001104839162
7114.43175400536,64.12297711188971
7124.269466334816,64.11593344898291
7134.120782081562,64.10888004622171
7143.985720056158,64.10371136624468
7153.864299095186,64.0993037065362
7163.75653806127,64.0962750615331
7173.662455843112,64.09397998891292
7183.582071355556,64.0916817427063
7193.515403539578,64.08938031852485
7203.462471362352,64.08830188561384
7213.423293817279,64.08952154325132
7223.397889924019,64.09074288741016
7233.386278728553,64.09208075574634
7243.388479303175,64.09511430434203
7253.40451074656,64.09994030749539
7263.434392183793,64.10480315263145
7273.478142766396,64.10971084267048
7283.535781672397,64.11462531897783
7293.607328106321,64.11954659093745
7303.692801299254,64.12575173557153
7313.792220508877,64.13460387470343
7323.905605019491,64.14351744223622
7334.032974142087,64.15244333529496
7344.174347214334,64.16138157092318
7354.3297436006505,64.17175438072344
7364.49918269223,64.18247328015414
7374.6826839070745,64.19437016996554
7384.880266690057,64.20691012326014
7395.091950512919,64.21971597065102
7405.317754874331,64.23435857015451
7415.557699299929,64.25070263522647
7425.811803342338,64.26706930058695
7436.080086581247,64.2834585974873
7446.362568623394,64.29987055722194
7456.659269102635,64.31723926475347
7466.970207679972,64.33573132160576
7477.295404043613,64.35427165067584
7487.63487790897,64.37285920983679
7497.988649018723,64.39147247155086
7508.356737142851,64.41357108219178
7518.739162078667,64.4365340822725
7529.135943650878,64.4596594315334
7539.547101711585,64.48313090405001
7549.972656140345,64.50663483251007
7560.412626844204,64.53017126179306
7570.86703375773,64.55267338226092
7581.335896843077,64.57514026438447
7591.81923608998,64.59881243616373
7602.317071515823,64.62250997559981
7612.82942316567,64.64616841053032
7623.356311112294,64.67154437889583
7633.897755456251,64.70055993849354
7644.453776325863,64.72961562030173
7655.024393877297,64.75871147980072
7665.609628294592,64.78784757254755
7676.209499789686,64.81556802457031
7686.824028602491,64.84169868824262
7697.453235000883,64.86788850898479
7708.097139280772,64.89412303024055
7718.755761766132,64.92039382813543
7729.429122809035,64.94670095283212
7740.117242789715,64.97304445456268
7750.820142116568,64.99986846377247
7761.537841226216,65.03179375782223
7772.27036058354,65.06363147804313
7783.017720681714,65.09546481510041
7793.779942042272,65.12231887665155
7804.557045215099,65.14938384889906
7815.349050778506,65.17751669336143
7826.155979339262,65.20568843943116
7836.977851532617,65.23301403021213
7847.814688022383,65.25945664447096
7858.666509500919,65.28593582311626
7869.53333668921,65.31245161670864
7880.415190336887,65.33915881146194
7891.3120912222685,65.36980910819578
7902.22406015243,65.39686942620874
7913.1511179631925,65.42063344355122
7924.093285519199,65.44415449280783
7935.050583713939,65.46801548266313
7946.023033469791,65.49190946707965
7957.010655738085,65.51583649168171
7968.013471499098,65.53979660215671
7979.031501762129,65.5637898442552
7990.064767565525,65.58759652507537
8001.113289976718,65.61011626865964
8012.177090092297,65.64015995199901
8023.256189037995,65.66388200999087
8034.3506079687695,65.6876368704314
8045.46036806883,65.71142457867926
8056.585490551667,65.73524518015577
8067.725996660135,65.7590987203452
8078.881907666435,65.77729145640271
8090.053244872191,65.7947872757968
8101.240029608482,65.81230728810527
8112.442283235877,65.82985152678164
8123.660027144506,65.84858013163635
8134.893282754051,65.86520985854841
8146.142071513823,65.87951632802296
8157.406414902791,65.89317311239803
8168.686334429616,65.90629391792743
8179.981851632729,65.91943286667824
8191.292988080315,65.93258998373854
8202.619765370393,65.9457652942312
8213.96220513085,65.95895882331374
8225.320329019467,65.9721705961785
8236.694158724,65.98383677603516
8248.08371596217,65.99266337289049
8259.489022481737,66.00033191325099
8270.910100060531,66.00910083030541
8282.346970506493,66.0186521805839
8293.799655657738,66.02821673830321
8305.268177382559,66.03779452172637
8316.752557579492,66.04657541510103
8328.252818177349,66.05334144460542
8339.76898113529,66.0601168300576
8351.301068442812,66.06690158439478
8362.849102119826,66.0736957205721
8374.413104216697,66.07741779991744
8385.993096814269,66.0812264521524
8397.589102023945,66.08687318127589
8409.201141987676,66.0905269783855
8420.829238878041,66.09418582790217
8432.47341489828,66.09784973681221
8444.133692282325,66.10151871211168
8455.810093294876,66.1051927608063
8467.502640231402,66.10887188991147
8479.211355418201,66.1125561064523
8490.93626121245,66.11424937348211
8502.67738000223,66.11427084492297
8514.434734206605,66.11437383512556
8526.208346275616,66.11507335801087
8537.998238690356,66.11577384818425
8549.804433963001,66.11647530698325
8561.626954636853,66.11717773574723
8573.46582328641,66.11799684672744
8585.321062517356,66.11887087199453
8597.192694966649,66.11974610584856
8609.080743302544,66.1206225499607
8620.985230224635,66.12146105576942
8632.90617846393,66.12096858115594
8644.843610782846,66.12161203014034
8656.797549975277,66.12201487955107
8668.768018866642,66.12214921714249
8680.755040313912,66.1222837404936
8692.75863720569,66.12241844986124
8704.778832462203,66.12255334550267
8716.815649035383,66.12268842767543
8728.869109908896,66.12282369663745
8740.939238098179,66.12419850240644
8753.026056650528,66.1275219234957
8765.129588645075,66.13095541519307
8777.249857192877,66.1352964285112
8789.38688543695,66.13964344450692
8801.540696552298,66.14399647148066
8813.711313746006,66.14835551774432
8825.89876025721,66.15277515698025
8838.103059357205,66.1578266499299
8850.324234349453,66.16282040284912
8862.562308569637,66.16544285522362
8874.81730538573,66.1710204984676
8887.089248197997,66.17683911706362
8899.378160439066,66.18368305605807
8911.684065573965,66.19053645873217
8924.006987100165,66.19860113093625
8936.346948547653,66.20684196882902
8948.703973478927,66.21509420200896
8961.078085489075,66.22335784623318
8973.469308205811,66.23163291728072
8985.877665289514,66.23991943095241
8998.303180433306,66.25010221679709
9010.745877363044,66.2508924573904
9023.205779837404,66.25086950222939
9035.682911647913,66.25119628496745
9048.177296618986,66.251523519575
9060.688958608014,66.25185120667686
9073.217921505346,66.25217934689873
9085.764209234376,66.25250794086719
9098.32784575158,66.25347939714362
9110.908855046551,66.25515416475157
9123.507261142084,66.24474763011717
9136.12308809416,66.2060986357311
9148.756359992038,66.16735664759473
9161.407100958282,66.12841916942101
9174.07533514881,66.0894278491806
9186.761086752964,66.05070248534074
9199.46437999351,66.0127605742532
9212.185239126718,65.97476619775179
9224.923688442388,65.93671928328826
9237.679752263937,65.89861975821397
9250.453454948387,65.85868093510322
9263.244820886453,65.77237909232743
9276.053874502571,65.68755824820992
9288.880640254947,65.60278814920737
9301.725142635634,65.51758658729663
9314.58740617052,65.43226721014992
9327.467455419424,65.34682985485432
9340.365314976118,65.26127435827175
9353.281009468377,65.17560055703855
9366.21456355806,65.08980828756498
9379.166001941096,65.00489139421806
9392.135349347574,64.90578896157935
9405.122630541782,64.80850133019302
9418.127870322238,64.71027569275614
9431.151093521781,64.61018388610644
9444.192325007562,64.50995367424964
9457.251589681124,64.4095848658014
9470.328912478446,64.30971884453375
9483.424318369976,64.21002495778363
9496.537832360724,64.11019321606305
9509.66947949024,64.01459184777296
9522.819284832716,63.92042456358852
9535.987273497012,63.8283754953852
9549.1734706267,63.73714133076629
9562.377901400145,63.64100758784984
9575.600591030505,63.54439867482525
9588.84156476581,63.4476561726782
9602.100847888998,63.350779896683996
9615.378465717968,63.25376966186252
9628.674443605645,63.162943334829954
9641.988806939993,63.0753621749301
9655.321581144086,62.98819810498007
9668.672791676154,62.90306052810851
9682.04246402962,62.819894414963144
9695.43062373319,62.7341922554549
9708.83729635084,62.644819105509654
9722.262507481903,62.55532237192913
9735.706282761113,62.46570188382401
9749.168647858643,62.375998439656925
9762.64962848019,62.29891232245005
9776.149250366963,62.222523325874
9789.667539295782,62.14602869992381
9803.204521079108,62.06942829853705
9816.760221565082,61.99462835218512
9830.334666637622,61.920189388465076
9843.927882216403,61.83552504277769
9857.539894256959,61.75101565972459
9871.170728750707,61.66650683878878
9884.820411724997,61.5858891787624
9898.4889692432,61.51251145016346
9912.176427404698,61.43903225611931
9925.882812344971,61.36545145632529
9939.60815023564,61.29176891028274
9953.3524672845,61.21980543836547
9967.115789735624,61.14949048013668
9980.898143869343,61.07977276353138
9994.699556002333,61.01065267000056
10008.520052487676,60.94823531691408
10022.359659714828,60.88996683161203
10036.218404109875,60.83161777366307
10050.096312135318,60.77352220640429
10063.99341029027,60.715724350911145
10077.909725110527,60.65784657354998
10091.845283168583,60.599888763806156
10105.800111073608,60.54261888442207
10119.774235471632,60.48536188877107
10133.767683045531,60.42819625580378
10147.780480515035,60.37127963715453
10161.812654636802,60.3243563821624
10175.864232204613,60.27909481601077
10189.93524004917,60.23377066295372
10204.025705038302,60.1883838364472
10218.135654077034,60.14293424982745
10232.265114107586,60.09742181631075
10246.41411210938,60.05162417274359
10260.582675099202,60.005643405519876
10274.770830131196,59.95903223453653
10288.978604296857,59.912006027098364
10303.206024725203,59.86701436308081
10317.453118582762,59.82918818836639
10331.71991307359,59.79130970827634
10346.00643543936,59.75337885048371
10360.31271295945,59.71599482324183
10374.63877295097,59.67865120661685
10388.984642768732,59.641249804947385
10403.350349805442,59.60163012541161
10417.735921491678,59.562254560862215
10432.141385295892,59.52500564575056
10446.566768724579,59.492300547101266
10461.01209932227,59.46470731563373
10475.477404671543,59.43690031796836
10489.962712393111,59.40905486927093
10504.468050145933,59.381170916371985
10518.993445627206,59.353248406028534
10533.538926572364,59.3252872849241
10548.10452075526,59.29517965317475
10562.69025598815,59.262357379442825
10577.296160121681,59.228544054050175
10591.922261045083,59.194753568326675
10606.568586686146,59.16517999516721
10621.235165011234,59.140815999228614
10635.922024025385,59.11641831318077
10650.629191772407,59.09198689043755
10665.35669633488,59.06743540987306
10680.104565834157,59.04260984976677
10694.872828430538,59.017227686035945
10709.661512323266,58.9872177650688
10724.47064575051,58.957480559963706
10739.30025698955,58.928730178150445
10754.150374356774,58.90265435105277
10769.021026207673,58.88344185870505
10783.912240936952,58.862604475197756
10798.824046978623,58.841738278119436
10813.756472806017,58.82084322762715
10828.709546931772,58.799919283822966
10843.683297908014,58.778966406753696
10858.677754326356,58.754174252484106
10873.69294481788,58.72731090546813
10888.72889805332,58.70091716162119
10903.78564274306,58.677099580757414
10918.86320763714,58.660079106673145
10933.961621525354,58.643035096973755
10949.080913237347,58.62596751911458
10964.221111642635,58.60887634050595
10979.382245650586,58.59176152851322
10994.564344210607,58.57408897532828
11009.767436312137,58.5549491917547
11024.991550984636,58.53114504786076
11040.236717297774,58.50736202678354
11055.50296436141,58.48364954103367
11070.790321325621,58.46591007943904
11086.098817380785,58.45065256606503
11101.428481757694,58.43500635663463
11116.779343727554,58.418908292869205
11132.151432601982,58.4027879689816
11147.544777733197,58.38664535419085
11162.959408514003,58.37048041767347
11178.395354377779,58.35046246047618
11193.852644798675,58.32914672200966
11209.331309291592,58.313635996182946
11224.831377412207,58.30065193503152
11240.352878757056,58.28764991974648
11255.895842963653,58.27462992550113
11271.460299710494,58.261591927434466
11287.04627871704,58.24853590065115
11302.653809743922,58.23546182022139
11318.282922592922,58.222364154336695
11333.93364710696,58.20798316523397
11349.606013170294,58.19084339972836
11365.300050708505,58.17429750078727
11381.015789688508,58.158745218061625
11396.75326011863,58.1475971524843
11412.512492048838,58.136433671556
11428.293515570507,58.12525475396068
11444.096360816648,58.114130614478185
11459.921057961983,58.10300268752714
11475.767637222962,58.09185937307251
11491.636128857746,58.08070064983673
11507.52656316641,58.0703557817529
11523.43897049092,58.06284348749587
11539.373381215162,58.05764993750624
11555.329825765002,58.052928283781526
11571.308334608526,58.04840569241787
11587.30893825581,58.04387684729365
11603.331667259137,58.03934173976127
11619.37655221309,58.034800361161174
11635.443623754554,58.03025270282184
11651.532912562709,58.025698756059754
11667.644449359228,58.0208420985463
11683.778264908267,58.01552340903916
11699.934390016471,58.01022096759144
11716.112855533062,58.004930298602225
11732.313692350066,58.005790564473635
11748.536931402077,58.00859872366752
11764.782603666494,58.01141076593501
11781.050740163593,58.014422841320496
11797.34137195655,58.01801063514281
11813.654530151422,58.005841340664546
11829.990245897345,57.99058199887331
11846.348550386534,57.97603483445768
11862.729474854288,57.96176072692796
11879.133050579067,57.94962448573198
11895.559308882734,57.937522474986416
11912.008281130316,57.926285695527405
11928.479998730232,57.91503337804549
11944.974493134387,57.903765501054906
11961.491795838172,57.892482043040246
11978.031938380456,57.88118298245636
11994.594952343796,57.869868297728274
12011.18086935442,57.85961600234548
12027.789721082238,57.85077831156016
12044.421539240926,57.8434765011945
12061.076355588166,57.82757869147878
12077.754201925403,57.67434434221309
12094.45511009808,57.52089810315809
12111.179111995727,57.367239681316036
12127.926239551969,57.213368783284054
12144.696524744515,57.05966092922788
12161.489999595366,56.9059402211045
12178.306696170801,56.75217777231264
12195.146646581394,56.60151131350603
12212.00988298209,56.42203853479933
12228.896437572455,56.232511710244815
12245.806342596423,56.042722811297956
12262.739630342541,55.85292923098682
12279.696333144057,55.66318570823907
12296.676483378924,55.47317981145226
12313.680113469798,55.282911177820644
12330.707255884237,55.09237944403603
12347.757943134699,54.90158424628783
12364.832207778549,54.71331485679234
12381.930082418145,54.526754432906834
12399.051599701077,54.34195117255426
12416.196792319932,54.16442118772455
12433.365693012527,53.999014993855695
12450.558334561998,53.833380079182575
12467.774749796814,53.66751612743377
12485.014971590761,53.50142282190133
12502.279032863162,53.337451353977116
12519.566966578857,53.1890835133224
12536.87880574822,53.0413281035824
12554.214583427243,52.8980650877952
12571.574332717784,52.754907727092416
12588.958086767321,52.61240259522513
12606.365878769186,52.469700409743496
12623.797741962671,52.32680089816496
12641.253709633023,52.18388295031736
12658.733815111444,52.05002652215741
12676.2380917753,51.925238386245475
12693.76657304811,51.800277695472275
12711.319292399532,51.675144211232265
12728.89628334559,51.553626551859644
12746.497579448644,51.43358086222571
12764.123214317418,51.31278097166596
12781.773221607107,51.19193595184756
12799.447635019495,51.07092382964033
12817.146488302971,50.970747703544674
12834.86981525251,50.871110602318495
12852.617649709899,50.77133572464393
12870.390025563718,50.67142288000599
12888.18697674933,50.57130679644755
12906.008537249101,50.472062358955014
12923.85474109239,50.375994569975546
12941.725622355556,50.27797636030725
12959.62121516208,50.176806474151405
12977.54155368268,50.0754966920389
12995.486672135325,49.974046820523874
13013.45660478522,49.87254939310323
13031.45138594503,49.771194015289765
13049.471049974873,49.66969848502484
13067.51563128229,49.56806260850839
13085.585164322485,49.46628619167193
13103.679683598311,49.36697977347402
13121.79922366027,49.268200024236684
13139.943819106642,49.16368899831262
13158.113504583604,49.0639079875531
13176.30831478524,48.970908974114764
13194.528284453525,48.877781363260404
13212.773448378564,48.78818405919011
13231.04384139856,48.700032456575066
13249.339498399813,48.61175895945924
13267.660454316941,48.523363399288904
13286.006744132876,48.435270488088634
13304.378402878861,48.348807265377246
13322.775465634584,48.258832182002934
13341.197967528296,48.16500815265548
13359.645943736821,48.07105438507409
13378.119429485541,47.976970699859265
13396.618460048636,47.882756917363004
13415.143070749053,47.79323481583119
13433.693296958507,47.70460170474607
13452.269174097706,47.615846033338514
13470.870737636336,47.52696763213412
13489.498023093076,47.44088126180024
13508.151066035718,47.354660372714335
13526.829902081292,47.262967355333274
13545.53456689608,47.17070507600682
13564.2650961956,47.077760330662215
13583.021525744836,46.98468706294241
13601.803891358233,46.891901195366074
13620.61222889967,46.80290883344965
13639.446574282709,46.71379341444501
13658.306963470564,46.62455476819081
13677.19343247613,46.53670236579149
13696.106017362094,46.449995355079125
13715.04475424107,46.36118575584338
13734.009679275607,46.270834309774585
13753.000828678172,46.180357927299816
13772.018238711396,46.08975643565902
13791.061945688049,45.9990296618533
13810.131985971027,45.91005697991896
13829.2283959736,45.82236184957939
13848.351212159381,45.73454545594069
13867.500471042356,45.64660763132222
13886.676209186995,45.5636713892308
13905.878463208388,45.48015230227231
13925.10726977226,45.39374236640932
13944.362665594943,45.30721294439199
13963.64468744363,45.21989393524758
13982.953372136357,45.132327767528565
14002.28875654198,45.04652555665985
14021.65087758043,44.97466388000425
14041.039772222683,44.90270283427355
14060.455477490783,44.830642282062044
14079.89803045794,44.761694855197035
14099.3674682488,44.69438149866366
14118.863828039171,44.62593430455694
14138.387147056297,44.55718575593923
14157.937462578955,44.48834214302576
14177.514811937472,44.419403334363196
14197.119232513707,44.35036919831669
14216.750761741298,44.28123960306912
14236.409437105645,44.212358027108316
14256.095296143923,44.14382006963169
14275.808376445188,44.07572660769131
14295.54871565064,44.012660257293504
14315.316351453364,43.95827412229167
14335.111321598586,43.9073928663774
14354.93366388379,43.85644125274856
14374.783416158723,43.80543950596651
14394.660616325382,43.754432043256514
14414.565302338266,43.7033540483154
14434.49751220435,43.65220542361233
14454.457283983113,43.6009860714818
14474.444655786627,43.54969589412329
14494.459665779843,43.500696880689546
14514.50235218031,43.4541945666421
14534.572753258453,43.409052847184704
14554.670907337675,43.3641924896906
14574.796852794372,43.319270100075364
14594.950628057917,43.274285592562165
14615.132271610912,43.22923888125539
14635.341821989174,43.18412988014066
14655.579317781741,43.13895850308478
14675.84479763099,43.094377018120184
14696.138300232904,43.049859855451146
14716.4598643368,43.005276460015935
14736.809528745602,42.96113661810663
14757.187332315953,42.92111207652107
14777.593313958225,42.88685867091236
14798.027512636505,42.852557900290954
14818.48996736885,42.81837108655189
14838.98071722727,42.78422937987615
14859.499801337743,42.75004046264301
14880.047258880315,42.71580426957062
14900.623129089397,42.68152073528659
14921.227451253471,42.64399912426953
14941.860264715371,42.605328719731446
14962.521608872401,42.56798376629888
14983.211523176336,42.53069895528753
15003.93004713342,42.49639304486846
15024.677220304613,42.47500318384939
15045.45308230558,42.45358374530298
15066.257672806703,42.43213468832997
15087.091031533191,42.41065597197457
15107.95319826537,42.38908552368986
15128.844212838383,42.36495053147678
15149.764115142494,42.3351773721288
15170.712945123187,42.3029649846838
15191.690742781175,42.267335723016956
15212.6975481724,42.23165719382765
15233.73340140828,42.19592932898953
15254.7983426557,42.16169552818754
15275.892412137026,42.13582035866459
15297.015650130206,42.109909409407926
15318.16809696908,42.0839626309418
15339.349793043066,42.05797997372227
15360.560778797466,42.0235665428108
15381.801094733572,41.987548780271
15403.07078140868,41.96370979149246
15424.369879436072,41.94013778251441
15445.698429485285,41.916570216193165
15467.056472282095,41.89297006105159
15488.444048608528,41.86933727202649
15509.861199302972,41.848153867856944
15531.307965260472,41.8298538266172
15552.784387432435,41.81152848039915
15574.29050682693,41.78857939839102
15595.826364508786,41.759100797596275
15617.392001599625,41.7309368781713
15638.987459277827,41.70394616815099
15660.612778778815,41.676918135846925
15682.268001395032,41.64985272965046
15703.953168475917,41.6227498978817
15725.668321428187,41.59570890548021
15747.413501715815,41.56876159512885
15769.188750860048,41.53546148650171
15790.994110439542,41.50126286749953
15812.829622090516,41.459241148227434
15834.69532750676,41.41661059317369
15856.591268439624,41.37296843202772
15878.517486698285,41.32923879925563
15900.474024149737,41.28535787015575
15922.460922718763,41.241416263271375
15944.478224388222,41.19741389469826
15966.525971199024,41.153350680416125
15988.604205250147,41.109226536288666
16010.712968698785,41.06323747482886
16032.852303760488,41.01293139288306
16055.022252709186,40.96036865974614
16077.22285787716,40.9093981268064
16099.45416165533,40.85929225403025
16121.716206493233,40.80911709572575
16144.009034899003,40.75887255608626
16166.332689439658,40.70855853917235
16188.68721274107,40.658174948912034
16211.072647487994,40.60762449726569
16233.489036424204,40.556984038731336
16255.936422352645,40.50126441941991
16278.414848135455,40.4308237682728
16300.924356693935,40.36051657626284
16323.46499100884,40.291207009469815
16346.036794120355,40.221801602614775
16368.639809128086,40.152335808835915
16391.27407919133,40.08279508705319
16413.93964752907,40.01315820557137
16436.63655741998,39.94342503142257
16459.36485220258,39.87359543145509
16482.124575275386,39.80366927233287
16504.91577009692,39.71265245671778
16527.738480185708,39.54298141510125
16550.59274912054,39.37848036706514
16573.478620540474,39.21574435107132
16596.39613814481,39.05278330654894
16619.345345693375,38.88959692233219
16642.326287006505,38.726184886825045
16665.33900596506,38.56254688800109
16688.383546510584,38.398656113990214
16711.459952645448,38.23444795797817
16734.568268432868,38.07009009045027
16757.708537996885,37.86958697471422
16780.880805522662,37.599046232647495
16804.085115256454,37.33568106909631
16827.3215115056,37.07195172878393
16850.590038638813,36.807859120959364
16873.89074108615,36.54345667028236
16897.223663339046,36.278688608501184
16920.588849950444,36.013554430055635
16943.98634553498,35.74805362868547
16967.416194768968,35.48218569743061
16990.878442390407,35.215283642776214
17014.373133199253,34.9970437136944
17037.900312057416,34.81794927019459
17061.46002388874,34.64009107925279
17085.05231367928,34.46198694910204
17108.677226477314,34.28363653966157
17132.33480739333,34.10503951038095
17156.025101600197,33.926195520238835
17179.74815433332,33.74710422774177
17203.50401089065,33.56769220140663
17227.29271663268,33.38777184281923
17251.114316982723,33.21267805915036
17274.968857426906,33.15741150582688
17298.856383514143,33.106387895116626
17322.776940856445,33.05529372984609
17346.730575128895,33.00412891245355
17370.717332069653,32.95299030182734
17394.737257480105,32.90191362097516
17418.79039722517,32.85076631217807
17442.87679723298,32.79954827777312
17466.996503495215,32.74825941996225
17491.149562067218,32.69797110534714
17515.336019068014,32.72760897362294
17539.555920680305,32.80295713190125
17563.809313150745,32.87829102061247
17588.09624278995,32.953729079713156
17612.416755972496,33.029271453248185
17636.77089913705,33.10491828546152
17661.158718786708,33.180669720797255
17685.580261488656,33.256525903898535
17710.03557387451,33.33248814818747
17734.524702640436,33.410299895749056
17759.047694547167,33.50388816768798
17783.604596419995,33.61587930190872
17808.195455149067,33.724728033668654
17832.82031768937,33.83372727955939
17857.47923106074,33.94287724770908
17882.17224234801,34.05217814653353
17906.899398701324,34.161818911110345
17931.660747335813,34.271652734475325
17956.456335531926,34.381638434138274
17981.28621063558,34.4917762201113
18006.15042005814,34.6021335506105
18031.049011276435,34.69397970623044
18055.982031833053,34.77538497190682
18080.949529336314,34.85682989621406
18105.95155146031,34.938342539555244
18130.988145945004,35.019967897159816
18156.05936059661,35.10170612488761
18181.16524328721,35.1835573788132
18206.30584195513,35.265521815227125
18231.481204605057,35.3475995906363
18256.69137930806,35.43094577390145
18281.936414201562,35.51335035508028
18307.216357489662,35.58980298332327
18332.531257443123,35.661634139796995
18357.88116239937,35.73356462314292
18383.26612076264,35.8055945707083
18408.686181004326,35.877724120030976
18434.141391662615,35.94992788589676
18459.631801342854,36.02213964653855
18485.157458717673,36.094451260345366
18510.718412527014,36.159013069842985
18536.314711578092,36.21693763075295
18561.94640474573,36.274036862896445
18587.613540972336,36.32388480118934
18613.316169267913,36.37380261133029
18639.054338710204,36.42384545364938
18664.82809844504,36.473957494339466
18690.637497685977,36.5241388290867
18716.482585714664,36.57438955370962
18742.363411880982,36.624709764159434
18768.28002560304,36.659359988335105
18794.232476367164,36.68882348943291
18820.220813728236,36.719670835718155
18846.245087309657,36.74831335745373
18872.305346803365,36.775828139171395
18898.401641969976,36.80338096784997
18924.534022639145,36.83097189610027
18950.7025387092,36.85860097660566
18976.907240147506,36.886268262122364
19003.1481769906,36.90676743751812
19029.425399344203,36.8748465160394
19055.73895738321,36.84298752586824
19082.08890135202,36.812177327051955
19108.475281564493,36.78138851448347
19134.898148403998,36.750754165306354
19161.35755232353,36.72007745548479
19187.85354384608,36.689381946853416
19214.38617356427,36.658677451075285
19240.955492140725,36.62793049765517
19267.561550308194,36.53728861263891
19294.204398869584,36.415653716757085
19320.88408869793,36.29385062625973
19347.600670736738,36.17209523573758
19374.35419599995,36.050343029384486
19401.144715571932,35.93617549434251
19427.97228060782,35.82387474309017
19454.836942333466,35.7114187043146
19481.73875204549,35.59880716328707
19508.67776111144,35.469831148889924
19535.654020969978,35.30652035100712
19562.667583130886,35.14298226772377
19589.718499175062,34.97910235335982
19616.806820754846,34.81509659574707
19643.932599593994,34.651299966131006
19671.09588748768,34.48727684138828
19698.29673630281,34.323026908325176
19725.53519797801,34.15854985331486
