X,Y
20.000000000000004,94.158
20.0692316585999,94.15251914209131
20.138702968327422,94.14701931173845
20.208414758754824,94.14150044326671
20.278367862325986,94.1359624707741
20.34856311436637,94.13028394388026
20.419001353092984,94.12453150689237
20.48968341962439,94.11875915736681
20.560610157990762,94.11296682637467
20.631782415143945,94.10744577490206
20.703201040967574,94.10226792452984
20.774866888287242,94.09707215059916
20.846780812880652,94.09185839106614
20.918943673487863,94.08705281948286
20.991356331821535,94.08343219863492
21.06401965257721,94.07979904470764
21.136934503443648,94.07615331431676
21.210101755113186,94.07274747985956
21.283522281292143,94.07091195752747
21.357196958711228,94.06907008138262
21.43112666713604,94.06784436627524
21.505312289377557,94.0674734372367
21.579754711302677,94.06710122419653
21.654454821844798,94.06672772271008
21.729413513014443,94.06635292831726
21.804631679909882,94.06606369903025
21.880110220727886,94.06710152377738
21.95585003677436,94.06814294104092
22.03185203247519,94.06970556097424
22.108117115386978,94.0719935134616
22.18464619620793,94.07428938588623
22.261440188788697,94.07659320566366
22.33850001014331,94.0789050003043
22.415826580460113,94.08168640288919
22.49342082311276,94.08627738027621
22.57128366467124,94.09088424971222
22.64941603491294,94.09550706620878
22.727818866833744,94.1007254367648
22.806493096659192,94.10701939613071
22.885439663855635,94.11333514255891
22.964659511141466,94.11967275146715
23.04415358449838,94.12647383585097
23.123922833182657,94.13365309216341
23.20396820973652,94.14085720006695
23.28429066999949,94.14808624558744
23.364891173119798,94.15517804622115
23.445770681565858,94.1622549796204
23.52693016113774,94.1693564104115
23.60837058097872,94.17638825679963
23.690092913586827,94.182619584661
23.772098134826493,94.18887248278051
23.854387223940172,94.19514702582543
23.93696116356005,94.20144328872144
24.01982093971978,94.20747229535702
24.10296754186625,94.21259968624736
24.186401962871393,94.21774482602649
24.270125199044063,94.22290777613362
24.354138250141915,94.22728776466158
24.43844211938334,94.23123948877364
24.523037813459467,94.23520489210644
24.607926342546158,94.23918402201174
24.693108720316086,94.24317692600519
24.77858596395084,94.2464469459713
24.864359094153063,94.24966344907557
24.950429135158647,94.25289108637207
25.036797114748957,94.25583091524574
25.123464064263118,94.25837675688771
25.21043101861031,94.26093141117167
25.29769901628215,94.26349490860328
25.385269099365058,94.26606727979384
25.473142313552746,94.26800856398843
25.56131970815867,94.26982722729883
25.649802336128563,94.27165218606311
25.738591254053063,94.2734834620735
25.827687522180195,94.27490574715853
25.917092204428215,94.27540864598167
26.006806368398166,94.27591328563079
26.096831085386697,94.27641967213194
26.18716743039883,94.27692781153193
26.277816482160816,94.2763515354871
26.368779323133005,94.27559350928557
26.460057039522763,94.27483285911349
26.551650721297467,94.27320873196756
26.643561462197496,94.27091096344506
26.73579035974931,94.26860524100626
26.82833851527854,94.26629153711804
26.92120703392315,94.26366939394003
27.014397024646637,94.26001946480312
27.107909600251258,94.25635690113381
27.201745877391332,94.25266711811669
27.29590697658657,94.24819445472326
27.39039402223545,94.24370630883456
27.485208142628654,94.2392026268567
27.580350469962536,94.23468335501015
27.675822140352633,94.22991150414464
27.771624293847253,94.22506152012397
27.867758074441067,94.2201947474814
27.96422463008878,94.21531112810175
28.061025112718838,94.21026566902589
28.15816067824718,94.20511748405289
28.255632486591054,94.19995147821066
28.353441701682847,94.19476758981082
28.451589491483997,94.18956575695134
28.55007702799894,94.18469645671203
28.648905487289102,94.18015034758469
28.74807604948694,94.1755885017236
28.84758989881004,94.17101086465473
28.94744822357525,94.16641738171553
29.04765221621289,94.16266573794603
29.14820307328096,94.15985031394811
29.249101995479457,94.15702514412656
29.350350187664684,94.15419019474538
29.451948858863677,94.1513454319518
29.553899222288603,94.1494610077771
29.656202495351266,94.14843797504648
29.758859899677645,94.14741140100323
29.86187266112248,94.14638127338877
29.965242009783903,94.14534757990215
30.068969180018136,94.14517242295004
30.173055410454214,94.14543263852613
30.277501944008847,94.14569375486002
30.3823100279011,94.14595577506975
30.48748091366751,94.14694770673904
30.59301585717679,94.14809099814941
30.698916118645073,94.14923824715783
30.805182962650704,94.15135364451211
30.911817658149584,94.15348634375385
31.01882147849015,94.15562642551086
31.12619570142865,94.15792126484911
31.233941609144395,94.16068225373432
31.34206048825507,94.16345280001153
31.45055362983208,94.16623293676446
31.559422329415995,94.16904498056482
31.668667887032,94.17188536506282
31.77829160720543,94.17473558178733
31.88829479897733,94.17759566477339
31.998678775920116,94.18046564817392
32.10944485615323,94.18312667654766
32.2205943623589,94.1857942646966
32.332128621797935,94.18847108692314
32.444048966325546,94.19115717519182
32.556356732407295,94.19351442118332
32.669053261135026,94.19554295870043
32.78213989824286,94.19757851816837
32.89561799412333,94.19962112389422
33.00948890384341,94.20159963349036
33.12375398716082,94.20279941686518
33.23841460854012,94.20400335338968
33.353472137169135,94.20521145744027
33.46892794697522,94.20642374344322
33.5847834166417,94.20747065904146
33.70103992962432,94.2084588394018
33.81769887416778,94.20945044043042
33.93476164332231,94.21044547396824
34.052229634960284,94.21144395189715
34.17010425179293,94.21244588614023
34.28838690138708,94.21345128866179
34.40707899618198,94.21446017146755
34.526181953506146,94.21552491051182
34.6456971955943,94.21677982055374
34.765626149604344,94.21803907457084
34.8859702476344,94.21930268760015
35.00673092673992,94.22056394380404
35.127909628950846,94.22171514147502
35.24950780128883,94.22287032411224
35.37152689578449,94.22402950550995
35.493968369494795,94.22519269951019
35.616833684520415,94.22630150316068
35.7401243080232,94.22741111877221
35.86384171224376,94.22852457541019
35.98798737451889,94.22964188637067
36.11256277729941,94.23098819055028
36.237569408167666,94.23236326348983
36.3630087598555,94.23374309635841
36.48888233026185,94.23512770563286
36.615191622470896,94.23634432041347
36.74193814476971,94.2375484123753
36.869123410666575,94.23875667240132
36.996748938908816,94.23996911491963
37.12481625350105,94.2406240812675
37.25332688372337,94.24126663441862
37.38228236414958,94.24191141182074
37.51168423466557,94.24247496239005
37.64153404048765,94.24219671320364
37.77183333218102,94.2419175008346
37.90258366567831,94.2416373219488
38.03378660229813,94.24135617320056
38.16544370876371,94.24107405123257
38.29755655722165,94.2397317777561
38.430126725260635,94.23800836557162
38.56315579593034,94.23627898765291
38.69664535776027,94.23454362334911
38.83059700477875,94.23164320882448
38.965012336532006,94.22870286976695
39.09989295810319,94.22575235248192
39.23524048013159,94.22279162173665
39.37105651883186,94.21982064217634
39.5073426960133,94.21686416012375
39.644100639099285,94.21433413817665
39.781331981146586,94.21179535834877
39.91903836086499,94.209247790324
40.057221422636765,94.20755926128874
40.19588281653639,94.20709705510174
40.33502419835019,94.20663324894966
40.47464722959613,94.20616783729412
40.61475357754367,94.20594059192365
40.755344915233636,94.20775655428899
40.896422921498264,94.20957880275867
41.03798928098117,94.21140735909253
41.180045684157534,94.2132422451258
41.322593827354225,94.21656483089994
41.465635412770105,94.22014088245551
41.60917214849634,94.22372931281012
41.75320574853679,94.22733016481396
41.89773793282849,94.23129253694862
42.04277042726215,94.23543631658417
42.188304963702876,94.23959444025658
42.33434328001063,94.24376695761892
42.480887120061276,94.24795391849615
42.6279382337671,94.25143192763025
42.775498377098,94.25481352552023
42.923569312102174,94.25820682909176
43.07215280692742,94.26161187886501
43.22125063584199,94.26406878044372
43.37086457925607,94.26631297837393
43.52099642374272,94.26856494478142
43.67164796205952,94.27082470655733
43.82282099316973,94.27256592661834
43.97451732226391,94.2741912421082
44.12673876078142,94.2758221837624
44.27948712643209,94.27745877105639
44.43276424321787,94.27911857646478
44.58657194145468,94.28084891883775
44.74091205779421,94.28258525093435
44.895786435245874,94.28432759348848
45.051196923198816,94.28637034769436
45.207145377444,94.28902147141655
45.363633660196356,94.29168177222333
45.520663640117036,94.29447969096029
45.6782371923357,94.29813764319687
45.83635619847295,94.30180825773846
45.995022546662746,94.30549157841669
46.154238131575006,94.30918764921492
46.31400485443818,94.31295760056824
46.47432462306201,94.31676520776509
46.635199351860244,94.32058599531
46.79663096187355,94.32442000882786
46.958621380792444,94.32761579231442
47.12117254298028,94.33080875701032
47.28428638949641,94.33401277441828
47.44796486811928,94.33722788279823
47.61220993336976,94.33981292183918
47.777023546534444,94.3421085367431
47.94240767568909,94.34441209810838
48.10836429572211,94.34672363344237
48.27489538835816,94.3485242607185
48.44200294218179,94.34969401359527
48.60968895266121,94.35086781566862
48.7779554221721,94.35163920412644
48.946804360021545,94.35194071965614
49.11623778247199,94.35224327890687
49.28625771276537,94.35254688549152
49.456866181147205,94.35308170882905
49.62806522489091,94.35408037324643
49.79985688832204,94.35508249462352
49.97224322284287,94.35608808492685
50.145226286956586,94.35856454684155
50.31880814629227,94.36133101118278
50.49299087362914,94.36410705186978
50.66777654892171,94.3668927020518
50.843167259324225,94.37004837051448
51.019165099216,94.37432259766297
51.195772170226014,94.37861162040316
51.3729905812584,94.38291548995129
51.550822448517245,94.38714350345805
51.729269895532234,94.3911585652801
51.908335053183706,94.39518752557157
52.08802005972826,94.39923043244326
52.26832706082425,94.40283894795556
52.449258209557385,94.40572254174299
52.63081566646648,94.40861611732944
52.81300159956923,94.41151970926776
52.99581818438809,94.41443335223038
53.179267603976285,94.41730105981344
53.36335204894384,94.42017738286147
53.548073717483774,94.42306366254027
53.73343481539832,94.42595993331551
53.919437556125295,94.42938876770998
54.1060841607645,94.43312169447
54.293376858104274,94.43686754306559
54.481317884648064,94.44062635822672
54.66990948464119,94.44494432168727
54.85915391009759,94.44933748957371
55.049053420826745,94.4537458647751
55.23961028446065,94.45810407626378
55.43082677648091,94.46222718702685
55.62270518024589,94.46636457027977
55.81524778701797,94.47051627542791
56.00845689599094,94.47462685343986
56.20233481431745,94.47753502221477
56.39688385713656,94.48045325785704
56.59210634760132,94.48338159521401
56.78800461690663,94.4863200692536
56.98458100431699,94.48926871506475
57.181837857194445,94.49068194607176
57.37977753102665,94.49196855395166
57.57840238945495,94.49325961553146
57.77771480430266,94.49455514622795
57.97771715560335,94.49585516151141
58.17841183162926,94.49711507394767
58.37980122891984,94.49837375768074
58.58188775231034,94.49963679845195
58.78467381496064,94.5009042113435
58.988161838383796,94.5021760114899
59.19235425247535,94.50378883401982
59.3972534955419,94.50542802796433
59.602862014330675,94.50707289611464
59.80918226405829,94.50872345811246
60.01621670844054,94.51037162546532
60.223967819721324,94.51192976074762
60.43243807870266,94.51349328964437
60.64162997477384,94.51506223082609
60.851546005941614,94.51667342122964
61.06218867885955,94.51840369785677
61.27356050885842,94.52013996397996
61.48566401997589,94.5218822403323
61.69850174498684,94.52419769475135
61.912076225433545,94.52656226597834
62.12639001165605,94.52893502236472
62.3414456628226,94.53173906805728
62.557245746960234,94.53477376053382
62.77379284098541,94.53781895785005
62.9910895307348,94.54087469636931
63.20913841099617,94.54434621457592
63.42794208553936,94.54784707336862
63.64750316714736,94.55136005067436
63.86782427764756,94.55488518844234
64.08890804794298,94.5582224856592
64.31075711804374,94.56127291037309
64.53337413709862,94.5643338943851
64.75676176342657,94.56740547424711
64.98092266454859,94.57048768663753
65.20585951721951,94.57244834101705
65.43157500745995,94.57431049381154
65.65807183058847,94.57617909260235
65.88535269125362,94.57805415970284
66.11342030346634,94.5795103913656
66.3422773906324,94.58054024825785
66.5719266855848,94.58157367008513
66.80237093061649,94.58261066918777
67.03361287751311,94.58349999999999
67.26565528758579,94.5835
67.49850093170421,94.58349999999999
67.73215259032965,94.58350000000002
67.9666130535481,94.58350000000002
68.20188512110387,94.58188491903117
68.43797160243253,94.57999622718054
68.67487531669501,94.57810099746644
68.91259909281078,94.5761992072575
69.15114576949206,94.5739507558627
69.3905181952773,94.5714971884984
69.6307192285656,94.5690351279072
69.87175173765043,94.56656454468909
70.11361860075436,94.56436945584414
70.35632270606287,94.562488499028
70.59986695175942,94.56060103112385
70.8442542460595,94.55870702959304
71.08948750724592,94.55676172806521
71.33556966370305,94.55473155027444
71.58250365395243,94.5526943448549
71.83029242668721,94.55065008747982
72.078938940808,94.54867769267914
72.3284461654576,94.54686876530043
72.57881708005705,94.54505357616958
72.83005467434056,94.54323210361102
73.08216194839189,94.5418151356161
73.33514191267953,94.54124593069646
73.58899758809325,94.54067475542679
73.84373200597959,94.54010160298654
74.09934820817861,94.53960097768773
74.35584924705978,94.5392162261294
74.61323818555869,94.53883014272165
74.87151809721345,94.53844272285417
75.13069206620158,94.5370519863981
75.39076318737663,94.5346679951607
75.65173456630535,94.53227575153991
75.91360931930457,94.52987522696944
76.17639057347857,94.52746639278408
76.44008146675635,94.52314087149388
76.7046851479291,94.518612088171
76.9702047766878,94.51406762808907
77.23664352366099,94.5095074369817
77.5040045704526,94.50490681694104
77.77229110967993,94.49866400995396
78.04150634501178,94.49239959297277
78.31165349120677,94.4861134911927
78.5827357741516,94.47980562955001
78.8547564308997,94.47341538178527
79.12771870970981,94.4667619096056
79.40162587008479,94.46008540588019
79.6764811828105,94.45338579088347
79.95228792999498,94.44666298461382
80.22904940510749,94.44015550051957
80.50676891301788,94.433675362468
80.78544977003627,94.42717279288112
81.06509530395215,94.4206477141104
81.34570885407476,94.4139692978375
81.62729377127232,94.4071462944354
81.90985341801267,94.40029967264121
82.1933911684028,94.39342935069789
82.47791040822979,94.38653524656539
82.76341453500052,94.37966793444417
83.04990695798301,94.3727811132459
83.33739109824639,94.36587045274496
83.62587038870242,94.35893587041957
83.91534827414587,94.35232293712218
84.20582821129628,94.34621073983081
84.49731366883854,94.34007738466164
84.78980812746507,94.3339227983749
85.08331507991659,94.3276774780705
85.37783803102465,94.32123477240827
85.67338049775267,94.31476976478606
85.9699460092387,94.30828237800384
86.26753810683681,94.30139262384822
86.56616034416017,94.29318053127282
86.86581628712267,94.28494001185794
87.16650951398229,94.27667096720171
87.46824361538307,94.26837329856166
87.77102219439872,94.25794646764743
88.07484886657505,94.24723657745324
88.37972725997348,94.23648961408593
88.6856610152142,94.22473072888383
88.99265378551978,94.21229752168645
89.30070923675868,94.19982127591126
89.60983104748908,94.18730184257669
89.9200229090028,94.17473907218539
90.23128852536935,94.16195932447683
90.54363161348022,94.14907513988179
90.85705590309318,94.13614635561328
91.17156513687692,94.12317281728586
91.48716307045565,94.11117607309188
91.803853472454,94.09923930856294
92.121640124542,94.08726122393367
92.44052682148025,94.07524167617109
92.76051737116521,94.06473360249124
93.08161559467473,94.05454493237298
93.40382532631361,94.04432099332814
93.7271504136594,94.03406166327042
94.05159471760838,94.0249360406132
94.37716211242166,94.01611856829332
94.70385648577137,94.00727057356178
95.0316817387872,93.99831274621775
95.36064178610285,93.98858098715526
95.69074055590303,93.9788155408017
96.02198198996986,93.96901629054577
96.35437004373067,93.9580797724404
96.68790868630441,93.94582866980227
97.02260190054987,93.93353515895635
97.35845368311246,93.92119909310316
97.69546804447266,93.90701600868826
98.03364900899322,93.89147272714959
98.37300061496792,93.87587564125286
98.71352691466902,93.86022456474986
99.05523197439648,93.84380755639205
99.39811987452568,93.82709172947119
99.74219470955697,93.81031803932919
100.08746058816375,93.79369765941507
100.43392163324232,93.77764496432644
100.78158198196034,93.76153670150251
101.13044578580704,93.74537267859094
101.4805172106419,93.72915270257359
101.83180043674537,93.71475678223902
102.1842996588678,93.70042181387271
102.53801908628047,93.68603722382458
102.89296294282498,93.67160284032512
103.24913546696452,93.65853027111298
103.60654091183363,93.64602109841282
103.9651835452898,93.63346862417396
104.32506764996401,93.62087269850454
104.68619752331175,93.60872504333358
105.04857747766447,93.59666457040218
105.41221184028133,93.58456234914357
105.77710495340071,93.57241823504242
106.14326117429174,93.55977096713833
106.5106848753066,93.54636000205132
106.87938044393297,93.53290261379644
107.24935228284617,93.5193986416761
107.62060480996153,93.50512429557662
107.99314245848737,93.48929144551428
108.36696967697812,93.47340378872842
108.74209092938727,93.45746113550103
109.11851069512045,93.44120404669185
109.49623346908909,93.42432453913075
109.87526376176437,93.40738660175438
110.25560609923083,93.39039003230316
110.63726502324023,93.37340949895884
111.02024509126593,93.35706448011992
111.40455087655766,93.34066288164279
111.79018696819575,93.32420450767233
112.17715797114586,93.30806527203363
112.56546850631406,93.29231714879867
112.95512321060234,93.27651451212915
113.34612673696368,93.2606571733223
113.73848375445733,93.2447449430221
114.13219894830532,93.22889292118586
114.52727701994749,93.2130074506749
114.9237226870986,93.19706699129037
115.32154068380368,93.18146720398428
115.7207357604955,93.1659076473911
116.12131268405041,93.15029423010243
116.52327623784619,93.134626765675
116.92663122181813,93.11890506702014
117.33138245251745,93.10299460160704
117.73753476316772,93.08674857010364
118.14509300372364,93.07006959133722
118.55406204092793,93.05264906990975
118.96444675837041,93.03516824590268
119.37625205654543,93.01762691057361
119.78948285291119,93.0000248544576
120.20414408194767,92.98236186736463
120.62024069521645,92.96465414572967
121.03777766141883,92.94720709028059
121.45675996645618,92.92969964040216
121.87719261348849,92.9121315870341
122.29908062299509,92.89567765134626
122.72242903283366,92.87965087485307
123.14724289830129,92.86356862034394
123.57352729219393,92.84743069577712
124.00128730486777,92.83123690844612
124.43052804429976,92.81602328785449
124.86125463614822,92.80106753665032
125.29347222381439,92.78612520827839
125.72718596850407,92.7711620840866
126.162401049289,92.75614716379953
126.59912266316846,92.74086550235049
127.03735602513154,92.72479694574517
127.47710636821976,92.7086727664986
127.9183789435892,92.69249277206839
128.36117902057302,92.67510443618002
128.80551188674457,92.65739459765689
129.25138284798092,92.63962345505904
129.6987972285258,92.62179079617732
130.14776037105298,92.60389640806802
130.59827763673042,92.5859400770503
131.0503544052844,92.56792158870367
131.50399607506358,92.54985014718511
131.9592080631032,92.53277969763363
132.41599580519002,92.51700214367224
132.87436475592747,92.50130300710948
133.33432038880056,92.48554952668357
133.79586819624083,92.46974151427875
134.25901368969286,92.45446156192982
134.72376239967898,92.43958960321027
135.1901198758665,92.42466616397226
135.65809168713267,92.40969106601173
136.12768342163258,92.39391399040565
136.5989006868646,92.376066636485
137.0717491097384,92.35815750246866
137.54623433664113,92.34018637449971
138.022362033506,92.32203563730504
138.50013788587867,92.30143155367148
138.97956759898645,92.2807561472937
139.4606568978051,92.26000917128215
139.9434115271285,92.23919037789258
140.42783725163596,92.21992173476897
140.9139398559624,92.2008016989988
141.40172514476606,92.1816154776392
141.8911989427991,92.16236284158322
142.3823670949759,92.14304356093093
142.87523546644422,92.1236574049865
143.3698099426538,92.10617646194976
143.86609642942796,92.08930272139943
144.364100853033,92.07237057099687
144.86382916025,92.05537980855149
145.36528731844473,92.03833023117286
145.86848131564,92.02122163526822
146.37341716058657,92.00405381654005
146.88010088283474,91.9868265699836
147.38853853280662,91.96953968988457
147.8987361818686,91.95159486554364
148.41069992240364,91.93342015275466
148.92443586788372,91.91518252669012
149.43995015294303,91.89688176957051
149.95724893345167,91.87851766286246
150.47633838658876,91.85999471959877
150.997224710916,91.8413990778203
151.51991412645182,91.82273906568567
152.04441287474617,91.80401446037156
152.57072721895454,91.78536649272124
153.09886344391268,91.76756830194014
153.62882785621167,91.74970850124566
154.16062678427377,91.73178687736997
154.6942665784276,91.71380321630699
155.22975361098364,91.69573432794874
155.76709427631067,91.67757221346069
156.30629499091236,91.65934722930716
156.84736219350373,91.64105915785957
157.39030234508758,91.62270778073604
157.93512192903196,91.60329209836195
158.4818274511481,91.58355602901355
159.03042543976747,91.56375164162438
159.5809224458195,91.5438786997059
160.13332504291088,91.52395029845519
160.68763982740265,91.50399496621348
161.24387341849044,91.48397055693434
161.80203245828207,91.46387683150184
162.36212361187822,91.44371354997237
162.92415356745073,91.42437119406341
163.48812903632376,91.4052524256686
164.05405675305263,91.3860674760715
164.62194347550547,91.36681611618036
165.1917959849428,91.34768991209538
165.76362108609956,91.32887686626732
166.33742560726526,91.30999869752097
166.91321640036674,91.29105518042792
167.4910003410487,91.27204608877949
168.07078432875713,91.2543410779729
168.65257528682034,91.23659645375199
169.23638016253295,91.21879040504274
169.8222059272376,91.20092271921925
170.4100595764095,91.18446939739458
170.99994812973853,91.16860139531003
171.59187863121434,91.15267846482033
172.18585814921002,91.13670041578624
172.78189377656594,91.12072343616569
173.379992630675,91.10475419676098
173.9801618535679,91.08872967850974
174.58240861199803,91.07264969005963
175.1867400975268,91.0552628807426
175.79316352660976,91.03500833821123
176.40168614068318,91.01468368290116
177.01231520625018,90.99428867211124
177.6250580149671,90.97309772581328
178.23992188373097,90.94899506215773
178.85691415476722,90.92480896513311
179.476042195717,90.9005391459279
180.09731339972484,90.87654537430976
180.7207351855272,90.85441390091378
181.34631499754144,90.83220581758727
181.9740603059545,90.8099208591386
182.60397860681155,90.78866093269039
183.23607742210595,90.77292167218955
183.87036429986944,90.75712792893324
184.5068468142619,90.74127951432489
185.14553256566143,90.72640952033123
185.78642918075542,90.71500156058255
186.42954431263215,90.70355411123515
187.07488564087157,90.69206703559249
187.72246087163666,90.68076265735648
188.37227773776664,90.66984573400552
189.02434399886786,90.65889102081901
189.67866744140792,90.64789838698434
190.33525587880717,90.63626424065417
190.99411715153357,90.62400942098147
191.65525912719465,90.61171218023418
192.3186897006332,90.59937237156821
192.9844167940198,90.58563348060797
193.6524483569491,90.57133760516128
194.32279236653312,90.55699224335618
194.99545682749817,90.54259722389153
195.6704497722787,90.52526944085244
196.34777926111494,90.50786207298934
197.0274533821475,90.4903944480788
197.7094802515156,90.47181895627847
198.3938680134523,90.450808251987
199.08062484038345,90.42972481740021
199.76975893302352,90.40856840075617
200.4612785204754,90.3862009290709
201.1551918603267,90.36318613663249
201.85150723875014,90.34009167658144
202.55023297060166,90.31691727314171
203.25137739951927,90.29401876756526
203.9549488980233,90.27168037248775
204.66095586761656,90.24926465120316
205.36940673888446,90.22677133604041
206.08030997159506,90.20431393086162
206.79367405480068,90.1826752203377
207.5095075069396,90.16096160562283
208.22781887593737,90.13917282742989
208.9486167393085,90.11730862557431
209.67190970425924,90.09777641541108
210.39770640779082,90.07836135359159
211.1260155168022,90.05887908492554
211.85684572819312,90.03932937677082
212.59020576896827,90.02317945457278
213.32610439634215,90.00781757072635
214.06455039784294,89.99271315923464
214.80555259141724,89.98081081150036
215.5491198255357,89.96886726280232
216.2952609792991,89.95688237051999
217.04398496254393,89.94485599153913
217.79530071594846,89.93278798225008
218.54921721113976,89.92078117677315
219.3057434508015,89.90877132271852
220.06488846878074,89.89658606309123
220.8266613301956,89.88292176238963
221.59107113154386,89.86921016157794
222.35812700081198,89.85545109692293
223.12783809758375,89.84164440412458
223.9002136131491,89.82778991831412
224.6752627706145,89.81356391064116
225.45299482501323,89.79924067863934
226.23341906341585,89.78486786558209
227.01654480504027,89.77044116363925
227.8023814013637,89.75577221384121
228.59093823623473,89.74105248625695
229.3822247259849,89.72628180511494
230.17625031954074,89.71147468156187
230.97302449853674,89.69666796140218
231.77255677743028,89.68180998655276
232.57485670361243,89.66690057959119
233.37993385752355,89.65184457901664
234.18779785276797,89.6366298071062
234.9984583362283,89.62136236800102
235.81192498818024,89.60604207938927
236.62820752240845,89.58989658658167
237.44731568632318,89.57346322904314
238.26925926107617,89.55697298607464
239.09404806167697,89.54042566076261
239.92169193711052,89.52382105551172
240.7522007704554,89.50739403478349
241.58558447900123,89.49093470653972
242.42185301436672,89.47441840296625
243.26101636261885,89.45822013785954
244.10308454439277,89.44279976428079
244.94806761501087,89.4273260118001
245.79597566460234,89.41179869564198
246.64681881822423,89.39621763039128
247.5006072359828,89.380029876168
248.3573511131544,89.36339476588626
249.21706068030656,89.3467020717907
250.07974620342088,89.32982034559043
250.945417984016,89.31158713371165
251.81408635927002,89.29329080605785
252.68576170214365,89.27493114414861
253.5604544215044,89.25650792874706
254.4381749622515,89.23780185237645
255.31893380544003,89.21881048982019
256.2027414684056,89.1997533870875
257.08960850489035,89.1806303166133
257.9795455051698,89.16144105004477
258.8725630961785,89.14262163978673
259.7686719416364,89.12374734722928
260.66788274217686,89.1048077197429
261.5702062354749,89.0858025311653
262.47565319637505,89.06755403820341
263.384234437019,89.04998813421763
264.2959608069758,89.03236142439846
265.2108431933717,89.01502071101723
266.12889252101957,88.99878271353447
267.05011975254894,88.98248850687679
267.9745358885373,88.96613789647148
268.9021519676422,88.94973068707232
269.83297906673243,88.93453350508781
270.76702830101965,88.91943304246684
271.7043108241918,88.90428030834222
272.64483782854666,88.88986773493609
273.58862054512537,88.87576998060719
274.53567024384506,88.86162342573257
275.4859982336357,88.84742790138505
276.439615862574,88.83362285391536
277.39653451801837,88.82028580015512
278.3567656267455,88.80690257907722
279.3203206550875,88.79347303086972
280.28721110906804,88.78012265002756
281.2574485345392,88.76702444478371
282.23104451732013,88.75388089901617
283.2080106833358,88.74069185577495
284.18835869875517,88.7274571575668
285.17210027013016,88.71417664635322
286.1592471445359,88.70085016354876
287.1498111097115,88.68747755001888
288.14380399420025,88.67405864607828
289.14123766749054,88.66059329148887
290.14212404015774,88.64718791848799
291.14647506400746,88.6343824429339
292.1543027322174,88.62153264016422
293.16561907947994,88.60863835673663
294.1804361821467,88.59569943867763
295.1987661583731,88.58287474440743
296.22062116826265,88.57066357703926
297.2460134140113,88.55841013970257
298.27495514005415,88.54611428607635
299.3074586332118,88.53377586933311
300.3435362228368,88.52176404357664
301.38320028096024,88.51045769694454
302.4264632224399,88.49911221245596
303.47333750510927,88.48772745463192
304.5238356299257,88.47693625557739
305.57797014111895,88.46674628863585
306.6357536263418,88.45652104827869
307.6971987168207,88.44676878646841
308.76231808750623,88.4372492820929
309.8311244572238,88.42769682516357
310.9036305888259,88.41811130161236
311.9798492893454,88.4080026723318
313.05979341014796,88.39781069969173
314.1434758470844,88.38758344669314
315.23090954064577,88.376994631484
316.3221074761183,88.36515513388412
317.41708268373776,88.35327465288145
318.51584823884474,88.34135304660853
319.618417262041,88.32939017270685
320.7248029193471,88.31832813212023
321.83501842235887,88.30772557406647
322.94907702840413,88.29708631437873
324.0669920407031,88.28641022601128
325.18877680852614,88.27616912349988
326.3144447273526,88.26823316467215
327.4440092390314,88.26026973486483
328.5774838319422,88.2522787389848
329.71488204115565,88.24426008160985
330.85621744859475,88.2363420996047
332.0015036831973,88.22843962458593
333.15075442107957,88.22050979449455
334.30398338569864,88.21255251463867
335.46120434801605,88.20401424478106
336.6224311266625,88.19460830787403
337.78767758810375,88.18516981153635
338.9569576468055,88.17569864306087
340.13028526539887,88.1661425752441
341.3076744548477,88.15613476713378
342.48913927461666,88.14609231616575
343.6746938328385,88.13601510242086
344.8643522864817,88.12590300556491
346.0581288415201,88.11713147234106
347.2560377531037,88.10850652817764
348.4580933257277,88.09985172805476
349.6643099134028,88.0911669686235
350.87470191982726,88.08367672886499
352.08928379855985,88.07663215396836
353.3080700531912,88.06956319369148
354.531075237517,88.0624697636224
355.7583139557117,88.05592051452365
356.9898008625044,88.04970150564435
358.22555066335246,88.04346096915006
359.46557811461696,88.03719883052118
360.7098980237391,88.03141194359672
361.9585252494181,88.02598041516502
363.2114747017877,88.02053008504721
364.4687613425939,88.01506088815971
365.73040018537364,88.0106318394624
366.9964062956353,88.00696042174265
368.26679479103797,88.00327629510598
369.54158084157075,87.99957941555942
370.82077966973503,87.99710090846236
372.104406550727,87.99530383082897
373.39247681261907,87.99350053246232
374.68500583654236,87.99169099182882
375.98200905687094,87.99121492824796
377.28350196140724,87.99116844635851
378.5895000915657,87.99112180356815
379.90001904255814,87.9910749993199
381.21507446358044,87.99102803305486
382.5346820580001,87.99116040461739
383.8588575835433,87.99155765727505
385.1876168524816,87.99195628505574
386.5209757318234,87.99235629271955
387.85895014350183,87.99276842191983
389.2015560645645,87.99318798627016
390.5488095273649,87.9936090029773
391.90072661975444,87.99403147706866
393.2573234852741,87.99445541358914
394.61861632334643,87.99488081760104
395.98462138946934,87.99564000390315
397.3553549954114,87.99653098074701
398.7308335094058,87.99742504178111
400.1110733563448,87.99837495752588
401.4960910179768,87.99993310239522
402.8859030331041,88.00149664091225
404.2805259977793,88.00306559174749
405.6799765655028,88.00463997363619
407.08427144742245,88.00644569526324
408.49342741253406,88.00832456988337
409.9074612878806,88.01020994838383
411.3263899587525,88.01210185327832
412.7502303688899,88.01428164354684
414.1789995206861,88.0167224575145
415.61271447538945,88.01917172056213
417.05139235330654,88.02162946193688
418.49505033400715,88.02515947985974
419.9437056565305,88.03074715038946
421.39737561959015,88.03635416310412
422.85607758177974,88.04198058495828
424.31982896178124,88.04762648313829
425.78864723857345,88.05458755981215
427.2625499516403,88.06269402473401
428.74155470117927,88.07082855085648
430.2256791483121,88.0789912353157
431.71494101529714,88.08718217558413
433.20935808573967,88.09540146947155
434.7089482048035,88.10364921512641
436.2137292794251,88.11192551103684
437.72371927852794,88.12030799738316
439.2389362332366,88.12880403530778
440.75939823709086,88.13732948297225
442.28512344626296,88.14588444218083
443.816130079775,88.15446901509016
445.3524364197158,88.16322015789588
446.89406081145813,88.17202026379873
448.4410216638789,88.18085083199796
449.9933374495799,88.18971196794135
451.551026705107,88.19913371156589
453.1141080311708,88.20859035358858
454.68260009287116,88.21807973056187
456.25652161991854,88.22771863280806
457.8358914068572,88.23742047578497
459.4207283132899,88.24715590249592
461.01105126410476,88.25692502919378
462.60687924969983,88.26697000175844
464.20823132620905,88.27744551325895
465.8151266157307,88.28795728661123
467.4275843065569,88.29850544733871
469.04562365340144,88.31046561441958
470.6692639776291,88.32322278839565
472.2985246674871,88.33602412238739
473.9334251783376,88.34886976925836
475.5739850328892,88.36208787384864
477.22022382142893,88.37596331506633
478.87216120205727,88.38988678727449
480.52981690092383,88.40385845673636
482.1932107124619,88.4177570435572
483.8623624996238,88.43077642749705
485.5372921941193,88.44384087911413
487.2180197966541,88.45669048794218
488.9045653771684,88.4678337355277
490.5969490750748,88.47901555638887
492.2951910995004,88.49023608405027
493.99931172952876,88.50149545249867
495.70933131444116,88.51232576499146
497.4252702739587,88.52319337840174
499.14714909848686,88.53409861095707
500.8749883493615,88.54587100891877
502.6088086590933,88.55849538804901
504.34863073161296,88.57116346751454
506.09447534251956,88.58387539858771
507.8463633393297,88.5966313330645
509.60431564172535,88.60995425827454
511.3683532418027,88.62337354430372
513.1384972043239,88.63683928230432
514.9147686669694,88.65035163307371
516.6971888405894,88.66263786633546
518.4857790094567,88.67490248463626
520.2805605315207,88.68720955793042
522.0815548386645,88.69955304374969
523.8887834369594,88.71180831268188
525.7022679069208,88.7241060042438
527.5220299037668,88.73644626528491
529.3480911576777,88.74882924316299
531.1804734740547,88.76166087350263
533.0191987337794,88.77476179097818
534.864288893475,88.78790805836601
536.7157659857727,88.80109983264862
538.5736521195685,88.81399922635289
540.4379694802903,88.82618387196047
542.3087403301641,88.8384106957293
544.1859870084784,88.85067984366255
546.0697319318496,88.86218916331998
547.9599975944915,88.87312570036812
549.8568065684843,88.88410009514622
551.7601815040435,88.89511247870198
553.6701451297891,88.90537264600201
555.5867202530179,88.91555445134416
557.5099297599774,88.92577150184988
559.4397966161374,88.93602391952322
561.3763438664639,88.94818709530864
563.3195946356947,88.96115829419324
565.269572128617,88.97417439395852
567.2262996303432,88.98723555003254
569.1898005065881,89.00034191838147
571.1600982039486,89.01485677090099
573.1372162501852,89.03037714756394
575.121178254502,89.04595124929784
577.1120079078266,89.06157926207642
579.1097289830951,89.07726137251728
581.1143653355367,89.0919391208152
583.1259409029573,89.1058189922304
585.1444797060245,89.11974690997155
587.1700058485553,89.13372304035502
589.2025435178053,89.14774755027285
591.2421169847564,89.16076480775777
593.2887506044052,89.17314694115665
595.3424688160551,89.18557193633711
597.4032961436095,89.19803994166884
599.4712571958632,89.21055110603497
601.5463766667953,89.22360815125082
603.6286793358651,89.23688283076612
605.7181900683091,89.25020346168547
607.8149338154373,89.2635702030734
609.9189356149291,89.27818254930449
612.030220591134,89.29296154413794
614.148813955373,89.3077916976876
616.2747410062378,89.32276423997268
618.4080271298924,89.33784962041851
620.5486978003768,89.3529872201598
622.6967785799128,89.36812745005938
624.8522951192081,89.38321606583445
627.0152731577612,89.39835691210432
629.1857385241699,89.41355016966918
631.363717136441,89.42831871895733
633.549235002299,89.44285241276529
635.742318219494,89.45743641615962
637.9429929761176,89.47207090329117
640.1512855509139,89.48664258475038
642.3672223135916,89.49971661165019
644.5908297251402,89.51283589537832
646.8221343381476,89.52600059259507
649.0611627971158,89.53921086050299
651.3079418387772,89.5514859004697
653.5624982924161,89.56309686620592
655.8248590801896,89.57474802426296
658.0950512174483,89.58643951376985
660.373101813057,89.59802223361203
662.6590380697205,89.60888043083116
664.9528872843092,89.61977621460048
667.2546768481836,89.63070971502887
669.5644342475209,89.64168106267573
671.8821870636435,89.65245511516935
674.2079629733503,89.66321182875174
676.5417897492458,89.67400577759027
678.8836952600703,89.6848370905778
681.2337074710341,89.69527409943866
683.5918544441527,89.70535517774874
685.9581643385804,89.71547115254742
688.3326654109458,89.72562214463179
690.7153860156899,89.73539692825804
693.1063546054063,89.74424351204
695.5055997311797,89.75312071900535
697.9131500429254,89.76202865515882
700.3290342897326,89.7709098458713
702.7532813202093,89.77945531665374
705.1859200828256,89.78803036829194
707.6269796262575,89.79663510318255
710.0764890997351,89.80529639526148
712.5344777533932,89.8148211012944
715.0009749386174,89.82437877788713
717.476010108395,89.83396953917003
719.9596128176668,89.84359349966846
722.4518127236818,89.85607035893649
724.9526395863503,89.8686370139214
727.4621232685975,89.8812471694247
729.9802937367216,89.89390097602701
732.5071810607528,89.90973256115623
735.0428154148118,89.92564366672795
737.5872270774674,89.9416098499111
740.1404464321007,89.95775068082871
742.7025039672685,89.97600534076676
745.2734302770665,89.99432319072409
747.8532560614926,90.01270444943812
750.442012126815,90.03125063084927
753.0397293859446,90.0503546765258
755.6464388587954,90.06952485244072
758.2621716726601,90.08876138750934
760.8869590625826,90.1080645114394
763.5208323717297,90.12771473634072
766.1638230517635,90.14763881992867
768.8159626632188,90.16763187238426
771.477282875881,90.18769413244894
774.1478154691633,90.2078258396906
776.8275923324846,90.22929249073658
779.5166454656514,90.25142546652496
782.2150069792418,90.27363505744452
784.9227090949873,90.2959215287049
787.6397841461563,90.31828514643374
790.3662645779411,90.3421027065931
793.1021829478475,90.3662129872279
795.8475719260819,90.39040672759859
798.6024642959395,90.41468421660795
801.3668929541977,90.43924508271468
804.1408909115106,90.46409548108227
806.9244912928012,90.48903190116467
809.7177273376557,90.51405464073315
812.5206324007215,90.53917567944494
815.3332399521081,90.56443505880065
818.1555835777841,90.58978187559279
820.9876969799774,90.61521643249326
823.8296139775787,90.6407390332217
826.6813685065473,90.66686732670503
829.5429946203149,90.69344743080023
832.4145264901898,90.72011954413003
835.2959984057676,90.74688398519203
838.1874447753415,90.77379634576369
841.0889001263124,90.80160195954382
844.0003991055983,90.82950382476197
846.9219764800506,90.85750227460048
849.8536671368711,90.88559764339502
852.795506084026,90.91390674605874
855.7475284506633,90.94231996133763
858.709769487533,90.9708315313175
861.6822645674105,90.99944179646131
864.6650491855168,91.02817672388353
867.6581589599409,91.05701418536404
870.661629632067,91.08595147010894
873.6754970670025,91.11498892366475
876.6997972540049,91.14432302322653
879.7345663069098,91.17391202149237
882.7798404645638,91.20360344452948
885.8356560912591,91.23336979168673
888.9020496771659,91.2631649160298
891.9790578387654,91.29306317866667
895.0667173192925,91.32306493661912
898.1650649891719,91.35317054814477
901.2741378464567,91.38331666584907
904.3939730172714,91.41347507250029
907.5246077562578,91.44373787497716
910.6660794470176,91.4741054346545
913.8184256025572,91.5049394679637
916.9816838657374,91.53614622736774
920.1558920097245,91.56746101155747
923.3410879384401,91.5988841944696
926.5373096870112,91.63065266051794
929.7445954222267,91.66278719644191
932.9629834429948,91.6950329687269
936.1925121807985,91.72739036242685
939.4332202001532,91.759563473214
942.6851461990676,91.79147299707834
945.9483290095096,91.82349297840581
949.2228075978666,91.85562379955405
952.5086210654097,91.88708190012139
955.8058086487622,91.91840518216324
959.1144097203702,91.94983689234351
962.4344637889708,91.98135234077662
965.7660105000621,92.01280982991405
969.1090896363778,92.04437621175887
972.4637411183654,92.07605186325225
975.8300050046603,92.10786908590956
979.2079214925617,92.13989433261216
982.5975309185156,92.17203043736208
985.9988737585978,92.20427778390362
989.4119906289952,92.23651682861825
992.8369222864893,92.26869691565012
996.2737096289444,92.30098839672195
999.7223936957981,92.33339165743342
1003.1830156685497,92.36496544258381
1006.6556168712492,92.39656611352837
1010.1402387709937,92.42827617281604
1013.6369229784239,92.46009599910366
1017.145711248219,92.49081006931812
1020.6666454795939,92.5208553747592
1024.1997677168006,92.5510046845167
1027.7451201496333,92.5812583586102
1031.3027451139294,92.61092196091143
1034.8726850920732,92.63948148073658
1038.4549827135054,92.66813986170803
1042.049680755234,92.69689744604186
1045.6568221423436,92.72526270806523
1049.2764499485036,92.75314515350956
1052.9086073964904,92.78112411635108
1056.5533378586993,92.80919993069278
1060.2106848576607,92.8373020451181
1063.8806920665616,92.86433776489034
1067.56340330977,92.89146707104862
1071.2588625633548,92.91869028755004
1074.9671139556103,92.946007739473
1078.6882017675844,92.97212888240253
1082.4221704336094,92.99832889587583
1086.169064541831,93.0246196028685
1089.928928834738,93.05100131732375
1093.7018082096993,93.07700777219495
1097.487747719502,93.10309526162969
1101.286792572887,93.12927305507255
1105.0989881350868,93.15554146511832
1108.924379928369,93.18175066986721
1112.7630136325838,93.20800418252284
1116.6149350857045,93.23434857388973
1120.480190284375,93.26036780308723
1124.3588253844605,93.28353187382385
1128.2508867015997,93.30677612891232
1132.1564207117583,93.33010084591743
1136.0754740517787,93.35350630336478
1140.0080935199417,93.3749149617547
1143.9543260765256,93.39439948500284
1147.9142188443666,93.41395145554405
1151.8878191094173,93.43246630362393
1155.875174321315,93.44982036096664
1159.8763320939497,93.46723449081797
1163.8913402060318,93.48470890112398
1167.9202466016586,93.5022438005504
1171.9630993908897,93.51983939848535
1176.0199468503245,93.53658228075759
1180.0908374236756,93.5533476278329
1184.1758197223455,93.5689805408605
1188.2749425260083,93.58466756851298
1192.3882547831965,93.6004088981126
1196.515805611881,93.61620471763007
1200.6576443000567,93.63205521568675
1204.8138203063331,93.64796058155692
1208.9843832605268,93.66342497443586
1213.1693829642525,93.67874506263699
1217.3688693915146,93.69411818259393
1221.5828926893068,93.70915821668845
1225.8115031782133,93.72360596919222
1230.054751353007,93.73810373378944
1234.3126878832502,93.7526516836011
1238.5853636139025,93.76724999234749
1242.8728295659291,93.78137860391527
1247.1751369369097,93.79488306871862
1251.492337101644,93.80785392702951
1255.8244816127738,93.81976732443512
1260.171622201395,93.83172196105383
1264.5338107776718,93.8437179796386
1268.9110994314606,93.85451700861655
1273.3035404329328,93.86520528172014
1277.7111862331983,93.87593055316745
1282.1340894649272,93.8860882923496
1286.5723029429828,93.8956304513274
1291.025879665054,93.90520564127985
1295.4948728122847,93.91481397654641
1299.9793357499084,93.9244555718623
1304.4793220278857,93.93413054235995
1308.9948853815479,93.94383900357033
1313.526079732236,93.9535810714243
1318.0729591879408,93.96320321429467
1322.635578043953,93.97281765861786
1327.2139907835133,93.98248955553018
1331.8082520784606,93.99219493251573
1336.4184167898823,94.00193390546862
1341.0445399687724,94.01178493118168
1345.6866768566904,94.021939605624
1350.3448828864198,94.03212943131405
1355.019213682626,94.04235452993073
1359.7097250625243,94.05261502357428
1364.416473036548,94.06263500520265
1369.1395138090159,94.07267146684416
1373.8789037787992,94.08274267052994
1378.6346995399995,94.09284873652248
1383.406957882625,94.10316013339471
1388.1957357932683,94.11357572535034
1393.0010904557828,94.12402737174132
1397.823079251968,94.13451519737302
1402.6617597622587,94.1459709433997
1407.517189766409,94.15823090416019
1412.3894272441796,94.17053330379154
1417.2785303760327,94.1828782891995
1422.18455754383,94.19526600779817
1427.1075673315265,94.2076966075121
1432.0476185258688,94.22078452233558
1437.004770117097,94.23478847558079
1441.9790812996548,94.24884090467152
1446.970611472892,94.26294197741092
1451.9794202417715,94.27813105780993
1457.0055674175837,94.2949686508489
1462.049113018663,94.31186452861252
1467.1101172711035,94.3288188928582
1472.1886406094711,94.34583194604173
1477.2847436775367,94.36502870293984
1482.3984873289933,94.38691552576809
1487.5299326281825,94.4088781116486
1492.6791408508238,94.43091672284152
1497.8461734847517,94.45303162251473
1503.0310922306455,94.47858758712317
1508.2339590027634,94.5066310390249
1513.4548359296853,94.53477156566099
1518.693785355057,94.56300950306374
1523.950869838332,94.5913451884286
1529.226152155516,94.62506165031262
1534.5196952999186,94.66021077679146
1539.8315624829088,94.69548157488651
1545.161817134668,94.73087446577419
1550.5105229049418,94.76672171197701
1555.8777436638063,94.80584875130914
1561.263543502431,94.84511123213272
1566.6679867338432,94.88450962328972
1572.0911378936914,94.924044395245
1577.5330617410195,94.96052436229834
1582.9938232590441,94.99345275425203
1588.4734876559257,95.02649513056522
1593.9721203655458,95.05965188580424
1599.48978704829,95.09292341590118
1605.0265535918368,95.10786266647673
1610.5824861119397,95.12097466722417
1616.1576509532142,95.1341320562496
1621.7521146899337,95.14733499066824
1627.3659441268267,95.15017347398125
1632.999206299872,95.13868161914824
1638.6519684770956,95.12714998430673
1644.3242981593776,95.11557843175487
1650.016263081261,95.10392437667213
1655.727931211758,95.07736511986532
1661.4593707551571,95.05071392598852
1667.2106501518424,95.02397047679392
1672.981838079113,94.99713445293213
1678.773003452,94.97171473532899
1684.5842154240866,94.94701708444762
1690.4155433883363,94.92223394059957
1696.2670569779266,94.8973650078438
1702.1388260670751,94.87771427786126
1708.0309207718713,94.86728527023377
1713.9434114511178,94.8568201617315
1719.8763687071732,94.84631882738829
1725.8298633867923,94.83850309371404
1731.8039665819686,94.84752398953876
1737.798749630785,94.85657611194247
1743.8142841182726,94.86565956901858
1749.8506418772586,94.87477446923465
1755.9078949892207,94.90158552745149
1761.9861157851576,94.92893752103319
1768.0853768464485,94.95638419580902
1774.2057510057145,94.98392587952571
1780.347311347694,95.02108111526351
1786.5101312101165,95.05978362399952
1792.694284184577,95.09862010467914
1798.8998441174108,95.13759102105733
1805.1268851105772,95.17874759253866
1811.37548152255,95.22048821657062
1817.6457079692007,95.26237332923425
1823.9376393246862,95.3044034306889
1830.2513507223466,95.34610640126024
1836.5869175556063,95.38785778669144
1842.9444154788698,95.42975369800574
1849.3239204084218,95.4717946354915
1855.7255085233378,95.51375208082786
1862.1492562663973,95.55582762854489
1868.5952403449926,95.59804882425969
1875.0635377320416,95.64042189054076
1881.5542256669096,95.68352005842829
1888.0673816563371,95.72676741419808
1894.6030834753597,95.77016447427638
1901.1614091682347,95.81365368641866
1907.7424370493754,95.85702266015537
1914.3462457042915,95.90054175919127
1920.9729139905223,95.94421150319754
1927.6225210385753,95.98703585564955
1934.2951462528752,96.02847285823034
1940.9908693127152,96.07005329843196
1947.709770173205,96.1117776727756
1954.4519290662217,96.15128695709613
1961.217426501372,96.18971498252778
1968.0063432669567,96.2282760297563
1974.8187604309323,96.2669705592477
1981.6547593418745,96.30153998708305
1988.5144216299545,96.33611268501495
1995.3978292079164,96.37080505920788
2002.3050642720525,96.40400782071448
2009.236209303178,96.43410054205795
2016.1913470676304,96.46429743185195
2023.170560618242,96.49459885068418
2030.1739332953475,96.52488195763975
2037.2015487277622,96.55041562704419
2044.2534908337984,96.57603768336278
2051.32984382225,96.60174843255416
2058.4306921934153,96.62754818163609
2065.5561207400883,96.64950165316476
2072.7062145485897,96.67041567755462
2079.8810589997647,96.69140209757431
2087.080739770019,96.7124611638273
2094.305342832327,96.73057938780191
2101.5549544572737,96.74670977366743
2108.829661214068,96.7628959962013
2116.1295499715943,96.77913824868679
2123.454707899433,96.79362300342903
2130.805222468916,96.80611887819714
2138.181181454157,96.81865800847207
2145.582672933116,96.82876323287222
2153.0097852886333,96.83809354276885
2160.4626072095016,96.84745615030693
2167.941227691509,96.85685116728745
2175.445736038519,96.8662787058984
2182.976221863519,96.87475300522375
2190.5327750897077,96.88174281695797
2198.1154859515514,96.88875682450518
2205.72444499588,96.89439977815344
2213.359743082949,96.89960132497525
2221.021471387544,96.90482087738275
2228.70972140005,96.91005849770377
2236.424584927563,96.91531424848189
2244.166154094968,96.91938174368718
2251.9345213460547,96.92242435419386
2259.7297794446135,96.92547749694913
2267.552021475539,96.92854120841125
2275.401340845955,96.9306252793429
2283.277831286314,96.93226621485131
2291.1815868515314,96.93391283059405
2299.112701922094,96.93556514623377
2307.071271205203,96.93551429095982
2315.0573897358877,96.93524808700879
2323.071152878157,96.93498096157072
2331.1126563261223,96.93451819659873
2339.181996105157,96.93283708414475
2347.279268573025,96.93115015238061
2355.4045704210494,96.92945738116228
2363.5579986752496,96.92776616277322
2371.739650697518,96.92607869704364
2379.9496241867632,96.92438539001147
2388.188017180097,96.92268622145659
2396.454928053985,96.92098117108885
2404.75045552544,96.91926032176553
2413.074698653183,96.91752610444723
2421.4277568388447,96.9157858839919
2429.8097298281327,96.91403963961913
2438.2207177120426,96.9120989590291
2446.660820928033,96.91014718516038
2455.130140261246,96.90818865506458
2463.628776845689,96.90622334535442
2472.1568321654636,96.90415687115448
2480.7144080559565,96.90180353778462
2489.3016067050767,96.8994420581561
2497.9185306544546,96.89707240407002
2506.5652828006873,96.89494074533482
2515.2419663965466,96.89288003298081
2523.948685052233,96.89081218730009
2532.6855427365913,96.88873718360006
2541.4526437783747,96.88694552585831
2550.2500928674667,96.88661562151746
2559.077995056156,96.88628457518539
2567.9364557603667,96.88595238290898
2576.82558076094,96.88561904072145
2585.7454762048746,96.8867568229198
2594.696248606618,96.88871480438269
2603.6780048493156,96.89067956356078
2612.6908521861064,96.8926511239157
2621.734898241386,96.8952475664888
2630.8102510121116,96.90046589433194
2639.9170188690696,96.90570228584971
2649.055310558191,96.91095680357095
2658.2252352018304,96.91987945836185
2667.426902300085,96.9292536567182
2676.660421732098,96.93866030463957
2685.925903757357,96.94809951445279
2695.223459017036,96.95904049672214
2704.5531985352895,96.97116915809588
2713.9152337206037,96.98333980383678
2723.309676367103,96.99532503902698
2732.7366386559065,97.00693198634507
2742.196233156448,97.01857911207388
2751.6885728278403,97.03026655529428
2761.2137710202014,97.04166825460693
2770.771941476033,97.05086799367066
2780.363198331554,97.06009957839412
2789.987656118086,97.06936311901364
2799.6454297633995,97.07865872614727
2809.336634593108,97.08628257498262
2819.061386332023,97.09386788133897
2828.8198011055592,97.10147944486232
2838.6119954410965,97.10911735644405
2848.4380862693956,97.11678170729012
2858.2981909259715,97.12297891455557
2868.1924271525177,97.1289154562915
2878.120913098288,97.13487254785898
2888.083767321532,97.14085026039291
2898.081108790886,97.14684866527453
2908.1130568868184,97.15031222121274
2918.179731403032,97.15318122344986
2928.281252547915,97.15606015697614
2938.4177409459576,97.1589490561696
2948.5893176392115,97.16184795552718
2958.7961040887153,97.16220601947956
2969.0382221759655,97.16215480888911
2979.315794204351,97.16210342102897
2989.6289429006342,97.1620518552855
2999.9777914163965,97.16200011104291
3010.3624633295285,97.16044563050056
3020.7830826456857,97.15888253760315
3031.2397737997912,97.15731403393002
3041.7326616574965,97.15550907919703
3052.2618715166996,97.15252580307026
3062.8275291090144,97.14953220008577
3073.4297606012983,97.14608522375195
3084.068692597132,97.14169666430368
3094.74445213836,97.13729291349291
3105.4571667065766,97.13287391873352
3116.20696422468,97.12774134378203
3126.9939730583696,97.12207816414436
3137.818322017704,97.1163953809407
3148.6801403586273,97.11069292631171
3159.579557784505,97.10406067417361
3170.5167044476943,97.09727964324243
3181.4917109510725,97.09047513921033
3192.5047083496224,97.08364708082323
3203.555828151972,97.0761197791969
3214.6452023219904,97.06713738611917
3225.7729632803366,97.05812389974292
3236.9392439060684,97.04907921243608
3248.1441775382027,97.04000321619404
3259.3878979773326,97.03019171029005
3270.6705394872015,97.02020657255382
3281.992236796329,97.01018687043523
3293.3531250995975,97.00013248428685
3304.753340059889,96.99082759515687
3316.1930178096823,96.98259102717702
3327.672294952702,96.97432594763404
3339.1913085655256,96.96603225783281
3350.7501961992452,96.95797617838727
3362.349095881084,96.95374258000341
3373.988146116071,96.94949432666763
3385.66748588867,96.94523136765063
3397.3872546644625,96.94095365204747
3409.1475923917897,96.94118918701092
3420.948639503448,96.94272332313545
3432.7905369183404,96.94426276979938
3444.6734260431867,96.94580754538562
3456.5974487741832,96.95184393350709
3468.5627474987255,96.96153582547397
3480.5694650970813,96.97126126672863
3492.6177449441248,96.98102037340473
3504.7077309110186,96.9946029854213
3516.8395673669634,97.01419590129765
3529.01339918089,97.03385663967713
3541.229371723219,97.05358543533299
3553.487630867571,97.07596337069313
3565.788322992532,97.10493150064741
3578.131594983376,97.13399990618585
3590.517594233848,97.16316893442071
3602.9464686478923,97.19392690033297
3615.418366641451,97.22959652859454
3627.933437144205,97.26538963023242
3640.491829601383,97.30130663265994
3653.093693975515,97.33809045132409
3665.7391807482545,97.37729146031958
3678.4284409221445,97.41662816685864
3691.16162602245,97.4561010406696
3703.93888809894,97.49606505303561
3716.760379727725,97.53696561133142
3729.6262540130742,97.57800775030171
3742.5366645892245,97.61919196003961
3755.4917656222487,97.66012254067223
3768.491711811861,97.70065451575627
3781.5366583932982,97.74132679563338
3794.6267611391404,97.78213986598024
3807.7621763612033,97.82309421415474
3820.9430609123733,97.8639330082957
3834.169572188512,97.9015624328763
3847.4418681303036,97.9393221148307
3860.760107225173,97.9772125050556
3874.124448509147,98.0125995645233
3887.535051568784,98.04218670752363
3900.9920765430497,98.0718762688731
3914.4956841252583,98.10166860310136
3928.046035564963,98.13156406596521
3941.643292669911,98.16156301445298
3955.2876178079437,98.18721759830784
3968.9791739089696,98.20590657238574
3982.7181244668764,98.22466023989728
3996.504633541514,98.24347882478415
4010.3388657606247,98.253893297561
4024.220986321839,98.26147062170068
4038.1511609946156,98.26907417537623
4052.129556122256,98.2767040493834
4066.1563386238545,98.28041001754855
4080.2316759963273,98.27906113105036
4094.3557363163786,98.27770757526967
4108.52868824254,98.27634933404342
4122.750701017153,98.27440186718637
4137.02194446842,98.27000156712222
4151.3425890124045,98.2655860350545
4165.712805655093,98.26115521825633
4180.132765994407,98.256742887536
4194.602642222288,98.25596771559523
4209.122607126714,98.2551898603325
4223.692834093801,98.25440931245926
4238.31349710984,98.25362606265482
4252.984770763404,98.25426852757444
4267.706830247405,98.26052540285515
4282.479851361214,98.26680393682852
4297.304010512731,98.2731042044679
4312.179484720523,98.2803434808261
4327.106451615903,98.29296920699178
4342.08508944509,98.30563863815563
4357.115577071296,98.31835192560612
4372.198093976903,98.33170715505274
4387.3328202655675,98.34862561693971
4402.519936664403,98.36560264348554
4417.759624526125,98.38263843741669
4433.0520658312025,98.3997332021613
4448.397443190065,98.41726202770845
4463.795939845242,98.43516278007009
4479.247739673593,98.45312549737055
4494.753027188463,98.47115039410657
4510.311987541924,98.48885098598466
4525.9248065269485,98.50641540734281
4541.591670579664,98.52404062940212
4557.312766781548,98.541700745605
4573.088282861689,98.55939186006631
4588.918407199,98.57714421378743
4604.803328824502,98.59495801875318
4620.743237423542,98.61291665948903
4636.7383233381,98.63264393211698
4652.788777569017,98.6524394923351
4668.894791778324,98.67230357652659
4685.056558291484,98.69416272981339
4701.274270099729,98.72034275030384
4717.548120862328,98.74661339510632
4733.878304908936,98.77297497792442
4750.26501724188,98.79960386071541
4766.708453538518,98.83707140484846
4783.208810153547,98.87466864599271
4799.766284121379,98.91239603310513
4816.381073158456,98.95025401669676
4833.053375665654,98.99668112382204
4849.78339073061,99.04561641788702
4866.571318130138,99.09472110553065
4883.417358332578,99.15065653315216
4900.321712500225,99.20849357348291
4917.284582491697,99.26653082152515
4934.30617086438,99.32476897031455
4951.38668087681,99.38462527260901
4968.526316491139,99.4453995638915
4985.7252823755325,99.50638423042324
5002.98378390665,99.56617513551294
5020.302027172061,99.61942873355407
5037.6802189727405,99.67286667334118
5055.118566825507,99.72648959298841
5072.617278965533,99.780298132819
5090.176564348794,99.82357119793363
5107.796632654607,99.85918890743753
5125.477694288087,99.89492991059663
5143.219960382707,99.93079463420219
5161.023642802774,99.9520196991976
5178.888954146003,99.96420639372103
5196.816107746011,99.97643527349817
5214.8053176749045,99.98870648455681
5232.856798745817,99.98140207605822
5250.97076651546,99.96611841575258
5269.147437286735,99.95078184978931
5287.38702811127,99.93539219503111
5305.68975679206,99.91070341291959
5324.055841886017,99.86536214034389
5342.485502706632,99.819863915193
5360.978959326544,99.7742081941626
5379.536432580213,99.7283944320676
5398.158144066516,99.65695204225678
5416.8443161514315,99.58460986175659
5435.595171970659,99.51201726279929
5454.410935432318,99.43436860958752
5473.291831219585,99.34070588012855
5492.238084793418,99.24671892936406
5511.249922395204,99.15240663497522
5530.327571049505,99.04926145621052
5549.471258566728,98.93852718872807
5568.681213545882,98.82740960539553
5587.957665377273,98.71590737933333
5607.30084424528,98.60016342070166
5626.710981131063,98.47763693161016
5646.188307815363,98.35468630691551
5665.733056881231,98.23131007843722
5685.345461716842,98.10750677291243
5705.025756518242,97.98281002950065
5724.77417629219,97.85632140084851
5744.590956858915,97.72939492131863
5764.476334854984,97.60202907525381
5784.430547736075,97.47422234175042
5804.453833779861,97.34755430563183
5824.546432088814,97.22599408586267
5844.708582593099,97.10401307531174
5864.940526053395,96.98160981737695
5885.242504063819,96.85878285041389
5905.614759054764,96.73832405034842
5926.057534295836,96.62481554082235
5946.57107389872,96.51091411217735
5967.155622820132,96.39661840429122
5987.811426864706,96.28192705233371
6008.538732687973,96.17110271638607
6029.337787799255,96.06600249102688
6050.208840564677,95.9605384525216
6071.152140210077,95.85470934150095
6092.167936824033,95.75463588745066
6113.256481360802,95.65868300980834
6134.418025643365,95.56239798332268
6155.652822366382,95.46860606941614
6176.961125099257,95.382307443348
6198.3431882891455,95.29571008742894
6219.799267263974,95.2088129675809
6241.329618235533,95.13321302606165
6262.934498302486,95.05746091532691
6284.614165453489,94.98144658237871
6306.368878570223,94.90914170752131
6328.198897430536,94.84621667815647
6350.104482711491,94.78307382858412
6372.085895992533,94.71971240480151
6394.143399758558,94.65613165019596
6416.277257403105,94.60242270512546
6438.487733231443,94.55217150356386
6460.775092463781,94.50174635330069
6483.139601238387,94.45114665219815
6505.581526614811,94.4042928184809
6528.101136577027,94.36916222693984
6550.698700036686,94.33391002794276
6573.374486836269,94.29853580053542
6596.12876775237,94.26303912230631
6618.961814498865,94.23960253519728
6641.873899730226,94.2185806969975
6664.865297044707,94.19748608996147
6687.936280987677,94.1763184621938
6711.087127054833,94.15832054559071
6734.318111695558,94.14380118019027
6757.629512316155,94.12923155480239
6781.021607283223,94.11461149544797
6804.494675926917,94.10125552025428
6828.04899854435,94.09342370798399
6851.684856402876,94.08556478524602
6875.402531743509,94.07767865819527
6899.202307784232,94.06976523266172
6923.084468723443,94.06921144414095
6947.049299743285,94.06891188375322
6971.097087013113,94.06861128641233
6995.228117692851,94.06830964852884
7019.44267993648,94.07043730149284
7043.741062895422,94.07317086957573
7068.123556722049,94.07591390013121
7092.590452573089,94.07866642591446
7117.142042613164,94.0819855961789
7141.77862001822,94.08555789990264
7166.500478979081,94.08914256945195
7191.307914704911,94.0927396476322
7216.201223426795,94.09651118963114
7241.180702401213,94.10038300887217
7266.246649913657,94.10426823073661
7291.399365282127,94.10816690161873
7316.63914886076,94.11174628509619
7341.966302043393,94.11516545077585
7367.38112726714,94.11859645218107
7392.883928016058,94.12203933028218
7418.475008824708,94.1226304998235
7444.154675281853,94.12211690649437
7469.923234034047,94.12160153531931
7495.780992789355,94.1210843801442
7521.728260320971,94.11543213329276
7547.765346470962,94.10876012996681
7573.892562153909,94.10206503094805
7600.11021936068,94.09534675628882
7626.418631162095,94.08622601200221
7652.818111712724,94.06967556842625
7679.308976254581,94.05306783411731
7705.891541120945,94.03640261075877
7732.566123740076,94.01967969934756
7759.333042639076,93.99886056443435
7786.192617447617,93.970399745743
7813.1451689018295,93.94184040756747
7840.191018848068,93.91318220887445
7867.330490246816,93.88442480744999
7894.563907176478,93.85185453035757
7921.891594837319,93.8159300076201
7949.313879555273,93.77988112916796
7976.831088785917,93.74370746453351
8004.443551118307,93.70783442207457
8032.15159627897,93.674065242035
8059.955555135776,93.64017916717826
8087.855759701956,93.60617579286324
8115.852543139997,93.57205471304812
8143.94623976569,93.55382956812886
8172.1371850520545,93.53832454822135
8200.425715633412,93.52276585640162
8228.812169309334,93.50715330687986
8257.296885048754,93.49874150085819
8285.880202993936,93.51143909017615
8314.562464464607,93.52418063325254
8343.344011961968,93.53696628223693
8372.225189172856,93.54979618980563
8401.206340973766,93.5899192979338
8430.287813435049,93.64020601073143
8459.469953824975,93.69066679515569
8488.753110613945,93.74130225376993
8518.137633478584,93.81788354545753
8547.623873305984,93.91076520091384
8577.212182197833,94.00396837392316
8606.902913474676,94.09749417744521
8636.696421680079,94.2168378798576
8666.59306258491,94.35666216962788
8696.593193191571,94.49697047277289
8726.69717173823,94.63776446474495
8756.905357703157,94.78854467749835
8787.218111808957,94.9720126217237
8817.635796026943,95.15611565545308
8848.158773581377,95.34085597710128
8878.787408953895,95.54972152049832
8909.52206788778,95.76081740294256
8940.363117392397,95.9726440112901
8971.310925747513,96.18520387500917
9002.365862507762,96.3973175868463
9033.528298506983,96.59578335111635
9064.798605862725,96.79493612108823
9096.177157980617,96.99477827488904
9127.664329558896,97.17817431581166
9159.260496592817,97.3087515522653
9190.966036379203,97.43978079265173
9222.781327520892,97.57126360161999
9254.706749931318,97.68403964614961
9286.742684838984,97.68601108829778
9318.889514792083,97.68798935475643
9351.14762366299,97.6899744691485
9383.51739665293,97.67463933086543
9415.999220296488,97.5166287929327
9448.593482466316,97.35807128841905
9481.300572377679,97.1989649239544
9514.120880593176,96.97723476200693
9547.05479902734,96.67225295484056
9580.102720951385,96.36621542785645
9613.265040997821,96.05911852659308
9646.542155165262,95.67201694007423
9679.934460823053,95.26347492354563
9713.442356716112,94.85351870494632
9747.066242969606,94.44214338889878
9780.806521093804,94.00007786804014
9814.663593988798,93.55368538387076
9848.637865949398,93.10574767509792
9882.729742669864,92.65794623378203
9916.939631248848,92.22804196730614
9951.267940194164,91.79664955156
9985.715079427751,91.36376383519125
10020.281460290485,90.95743566908473
10054.967495547176,90.5695301747974
10089.773599391401,90.18028191347284
10124.700187450571,89.78968623701111
10159.747676790772,89.41291236476083
10194.91648592181,89.0743539621927
10230.207034802208,88.73462361163739
10265.619744844176,88.39371725630006
10301.155038918752,88.0531074875979
10336.813341360688,87.75542433774783
10372.595077973692,87.45671073298747
10408.500676035359,87.15696310631196
10444.53056430237,86.86133746298259
10480.685173015574,86.60068533079084
10516.964933905141,86.33913092962761
10553.370280195684,86.07667113621423
10589.901646611532,85.81330281645998
10626.55946938175,85.57414919010563
10663.344186245544,85.3437542468154
10700.256236457317,85.11256177232234
10737.296060792014,84.88056900590601
10774.464101550358,84.66848611660222
10811.760802564133,84.46646231944428
10849.18660920146,84.26373920015874
10886.741968372207,84.06031433798387
10924.427328533166,83.88292813949572
10962.243139693592,83.71949293063675
11000.189853420414,83.55549197724865
11038.267922843723,83.39092332095979
11076.477802662155,83.24338829205277
11114.819949148323,83.11863937973527
11153.294820154244,82.99345863871244
11191.902875116897,82.86784457417323
11230.644575063545,82.77271995374625
11269.52038261743,82.68546536345866
11308.530762003134,82.59790873417074
11347.676179052212,82.51004902034947
11386.957101208734,82.42777455226862
11426.373997534869,82.37267301594605
11465.927338716456,82.31738074108596
11505.617597068724,82.26697950326381
11545.445246541767,82.2473372306828
11585.410762726393,82.22762696474629
11625.514622859631,82.20784847008967
11665.757305830535,82.18800151053357
11706.139292185866,82.16808584908107
11746.661064135846,82.16974821419329
11787.323105559875,82.1827092398972
11828.125902012422,82.22501745321881
11869.069940728641,82.28072496743367
11910.155710630388,82.33662531782883
11951.383702331894,82.39271917192272
11992.75440814571,82.4490071995444
12034.268322088576,82.50549007284167
12075.925939887276,82.58560453689503
12117.72775898468,82.70399326026731
12159.674278545488,82.82279179602347
12201.765999462405,82.94478301191646
12244.003424361943,83.13092937736656
12286.387057610518,83.31772010389778
12328.917405320459,83.50515742201945
12371.59497535604,83.69324356996196
12414.420277339525,83.88882520726649
12457.393822657352,84.14475654382599
12500.516124466067,84.40233824561264
12543.78769769865,84.72413451188562
12587.20905907049,85.04704470262087
12630.780727085652,85.37107267376028
12674.503222043048,85.74588215793403
12718.377066042643,86.16107496831688
12762.402782991676,86.57770500304454
12806.580898611004,86.99906925337493
12850.911940441216,87.44076475515322
12895.396437849122,87.88398922254099
12940.034922033903,88.32874794817921
12984.82792603356,88.77504624303009
13029.775984731246,89.2228894364401
13074.879634861654,89.67228287620372
13120.13941501741,90.12323192862702
13165.555865655593,90.51494076654461
13211.12952910402,90.72811875457816
13256.860949567927,90.74709729407068
13302.750673136274,90.76614152935154
13348.799247788385,90.78525168783217
13395.007223400466,90.80442799771119
13441.375151752154,90.40210961056238
13487.903586533097,89.94735232112214
13534.593083349662,89.49102085161122
13581.444199731392,89.0331097528753
13628.457495137867,88.35751445319308
13675.633530965204,87.5381846509618
13722.972870552867,86.71601867067308
13770.476079190363,85.89100669466137
13818.143724123998,85.03637687819355
13865.97637456362,84.135090162285
13913.97460168953,83.23068356766503
13962.138978659099,82.32314629461592
14010.470080613848,81.46941601950572
14058.968484686113,80.81937574359046
14107.634770006045,80.1670852993523
14156.469517708507,79.51253689764698
14205.473310940008,78.85572272236742
14254.646734865633,78.19663493035095
14303.99037667613,77.55364466119173
14353.504825594851,77.11804129682929
14403.190672884737,76.68093005529653
14453.048511855462,76.24230571695156
14503.078937870498,75.80912606207842
14553.282548354206,75.48099526395691
14603.659942798959,75.151728613866
14654.211722772408,74.82132217995952
14704.938491924466,74.48977201678169
14755.840855994744,74.1601230920476
14806.919422819585,73.85293659116302
14858.174802339434,73.54468673873063
14909.6076066061,73.2353698538709
14961.218449790058,72.92498224296259
15013.007948187753,72.60527316044781
15064.976720229084,72.25978476391704
15117.125386484577,71.91310043065053
15169.454569673031,71.56521602081368
15221.964894668752,71.21612738024214
15274.656988509127,70.87512602505926
15327.531480402085,70.54355008639851
15380.589001733613,70.2108263701285
15433.830186075256,69.87695090312207
15487.255669191823,69.54191969849808
15540.86608904874,69.23204651692274
15594.662085819935,68.92933644309123
15648.644301895256,68.62557851323538
15702.813381888267,68.32076910011472
15757.169972643915,68.01326981016987
15811.714723246256,67.69391029539317
15866.448285026168,67.37344529117178
15921.37131156927,67.05187097076193
15976.484458723484,66.72918349417401
16031.788384607138,66.43023752488799
16087.283749616592,66.14870953819502
16142.971216434258,65.86620701902899
16198.851450036474,65.58272659396496
16254.925117701452,65.3107352759206
16311.192889017208,65.16775886900727
16367.655435889692,65.02428753740428
16424.313432550578,64.88031956788898
16481.16755556559,64.73585324130782
16538.21848384233,64.6929684028995
16595.466898638533,64.700410696823
16652.913483570166,64.70787875286412
16710.55892461958,64.71537266020054
16768.403910143694,64.7460262233693
16826.449130882313,64.82653494453376
16884.695279966178,64.90732235331308
16943.143052925483,64.98838941440764
17001.79314769796,65.07105326626737
17060.646264637344,65.19588072729579
17119.7031065217,65.32114028893253
17178.96437856179,65.44683344692956
17238.43078840962,65.5729617022168
17298.103046166652,65.75046768680996
17357.981864392565,65.94088232876835
17418.067958113515,66.13195610680097
17478.36204483082,66.323691302562
17538.864844529486,66.55254542977241
17599.577079686806,66.80255841415025
17660.49947528095,67.05343683920695
17721.632758799777,67.30518370073747
17782.97766024925,67.57732477977396
17844.534912162457,67.86725943628517
17906.305249608107,68.15819772565418
17968.289410199435,68.45014312203934
18030.488134103,68.73596488824502
18092.902164047497,69.01533008627658
18155.5322453326,69.29566233010871
18218.379125838026,69.576964967251
18281.443556032173,69.79283256646005
18344.72628898141,69.94243294715204
18408.228080358786,70.09255118196816
18471.949688453216,70.2431890635034
18535.891874178502,70.24241808716036
18600.055401082398,70.12249645537699
18664.441035355714,70.00215970492016
18729.049545841608,69.88140639882202
18793.881704044492,69.54723330370888
18858.938284139567,69.10985791572968
18924.22006298178,68.67096851657348
18989.727820115277,68.23055986536498
19055.462337782647,67.59755894942604
19121.424400934284,66.92685669130019
19187.614797237715,66.2538327416869
19254.03431708716,65.57685323407162
19320.683753612695,64.8723020405602
19387.563902690043,64.16531198466355
19454.67556294979,63.45587462405777
19522.019535787094,62.79585951350901
19589.59662537121,62.24071372257549
19657.40763865509,61.68364624844842
19725.453385384983,61.124650439062364
